-0.0186791670266886 0.0749575611951225 0.282935335038344 -0.19391175523221 0.0876240640355654 0.0551525550057569 0.0319935533546919 -0.0100868377028481 0.126204144548522 0.0310245416507433 -0.0264771067580854 -0.0591498364286389 -0.021391983149575 0.0291118014246722 -0.0801664586242578 0.0628464926558475 -0.00614769521513621 -0.101029200654829 -0.0119348727387115 -0.00930199908102764 0.0184305822235924 0.0292691035441736 -0.0662465779613455
0.0720010025399524 0.0295102237941727 -0.121858860817864 0.0895611705033081 -0.0902378842911674 -0.0263593201590468 0.0377713289109973 -0.0087803346053641 -0.0104761381049422 0.0910926095806377 -0.00593010273052542 -0.142606805377366 -0.0115808063666168 -0.0224748484060489 0.0705912710050119 -0.0321551233507963 -0.028984464808406 0.0605735808610402 -0.0685118753034912 0.0337164105271718 -0.0863264009742646 0.0343779934479798 -0.0281957435886501
0.111363914007075 0.00885640382921819 0.0408014305863444 0.254829598293078 -0.0746369744404931 -0.00121141698891751 0.0451815666848106 -0.0698856133941052 0.369266657712656 0.136320482865989 0.232637892398766 0.02635523436047 0.00306279842818309 0.0211165996465004 -0.0903141254092755 0.061989141571298 -0.0211464214268 0.0987786975453806 0.0572863598433139 -0.0578320619418496 0.12503047931475 -0.0921714364048462 -0.061603326406219
0.200264400033251 0.00194961171917124 0.0212394258946764 -0.0831086642957892 -0.00838435870319092 -0.00485678315492337 -0.0694174001537898 0.0393320373938249 -0.138841090565946 0.115597726452302 -0.0733221168366256 0.117599602204712 0.00376464913805083 -0.0426892043279309 -0.114948801412849 0.0838313799157913 0.058283674768975 0.295553617534881 0.0962959651456612 -0.0260869463914958 0.0433366722228076 -0.0145032233768081 -0.0656321385667846
-0.0431879753064312 0.134010329258379 -0.0348783461753553 0.150238752948146 0.00620245868871665 -0.188263934337797 -0.0654730067254387 0.0607137866402108 0.00267473679506346 -0.0119015688836458 -0.107367204586315 -0.216870305801336 -0.0864612014562866 0.161631802537198 0.024928200922518 -0.02496793635545 0.0825361093580895 -0.16467561098851 -0.0907312726237845 -0.0522003624280071 0.117132928526606 -0.0551642022218852 -0.0836496773943545
-0.322456649263733 -0.221016800737694 0.141297189979411 -0.11720431300835 -0.136666056334405 -0.13087203118004 -0.106674975083805 0.0133939074202306 -0.0763682381849549 0.783749675038752 -0.0354034925913868 0.0735002001619344 0.0419667866324297 -0.0448118918404467 0.17361450502088 -0.104616719191144 0.0662104475838851 -0.152469235860458 0.031755166781887 -0.023375640228339 0.000236269744120757 0.041794089777832 0.13019904127703
-0.0378728936302085 -5.14487694532608e-05 -0.196750206324379 0.0704025707774957 0.308785780450638 0.116225403604713 -0.0101226797174241 0.0716330015537844 0.0580695089707316 0.23092051101517 -0.00182507290876968 -0.0160728501025826 0.0120875420474867 0.227467311544415 -0.254127901223273 -0.123655521567965 0.0388213832111123 -0.0289679156000298 0.0332836222030708 -0.226455710469941 -0.225045385109284 -0.0725196280710494 0.0387784385832117
-0.0011064152444847 0.00747823907392647 0.00205545060595345 6.12943876362876e-05 0.00723515840583852 0.00277510377639414 -0.0101976972224108 -0.000500601725604092 -0.00593354308984089 -0.010174369631538 -0.00287596826966717 0.00446242763521433 -0.00668845345443213 0.00555055565841095 -0.00970054086109296 0.00117703258571833 0.000960364797841423 0.00367994062143522 0.00452994396597103 0.00132424590298017 -0.00677403053917137 0.00809196039853868 -0.00693360142155338
-0.040458535715867 -0.115277472445836 0.122667920882524 -0.0293559618624045 0.0942104011546168 0.180744056312949 -0.0762855651505935 0.050278562411389 0.052525252792349 -0.0248006528465914 -0.0781553123071316 -0.0669546759866976 -0.0149112502035994 0.0470805390448344 -0.084402105922116 0.0651511840823852 0.0478035684744299 0.245899049702164 0.0870770168537332 0.0533148370248656 -0.136608423320489 0.046665232030135 0.0899123929224696
0.0101458203989796 0.0281523072956328 -0.0897583151941567 0.0686988928271566 0.247707360297003 -0.00804307548457294 -0.107698198036547 0.120017919621301 0.134869752894057 0.130414176847284 -0.113836037750975 -0.122150600943056 0.012701172195012 0.0223220071513405 0.0239855213543935 0.19356395967762 0.101130598704796 0.106972805482829 0.0547014883671372 0.162908041801075 -0.221729173231009 -0.0365309320418569 0.0434776985042145
-0.117499969756335 0.00851655677890521 0.101700303961295 0.225678101025461 0.0134739053797055 0.223964636304576 -0.00908306583912191 0.0506217945509554 -0.169525323144292 -0.00673276908837514 0.0158841202278913 -0.0843567123774976 0.0487206711089652 -0.0347029468977092 0.0474111454020875 -0.0420905207283175 0.0538375564538711 0.09281719599216 0.0539855678063519 -0.0125849894079704 0.145046017555359 0.0057818064861453 0.134423646328556
-0.120494379959024 0.135902426807209 0.08779975606008 0.0978248012456681 0.124844913791785 -0.0123734798571406 0.05156607931507 -0.0249966657687135 -0.119166650356173 0.0513103474950117 0.0843964011016442 0.0400199913136846 -0.013136519696715 -0.0313038110926207 0.0447499299301693 0.022011756561608 -0.0603024296119064 0.0700253652241327 -0.0898564721112178 0.044076408672016 0.0193374317906129 -0.0143054869684088 -0.027660424901004
0.176983099688937 0.19359291812005 -0.100002993847563 0.00142732049891504 0.0279289279590537 0.117935433850432 -0.00574055154657274 0.00935215848366466 0.0196647688842341 0.1310752629209 0.0136126006564005 -0.0427168333741679 0.0757517880611954 -0.162086109165851 0.0418491697067101 0.0692696374545829 0.0137860572455802 -0.192633000979079 0.0902904062010315 0.0924901726193472 -0.0910006480472407 0.108386240359524 -0.0701829517199268
-0.0704486564557593 0.050775091289429 0.0495443311313303 0.0675387154885579 0.0992651978320615 0.00255807718475282 0.00179099544533823 -0.0160985946540944 -0.0786351935348633 -0.00755275934574023 0.0360503692441464 0.0325908718242371 0.00638702312641658 -0.00542968196675395 -0.00984546471628854 0.0311126035663359 -0.0316169121569753 0.0191045470691912 -0.0282488399158958 0.0216102750590263 -0.00163138300621999 0.0203021408607731 -0.0357702087818121
0.063055096272102 -0.141826718878816 0.104468391519607 0.0381196027158959 -0.0676680409399054 0.0699743961454918 0.140932884039238 -0.082487954145564 0.0197677379362862 0.0359063793531239 0.0445577261339876 -0.00904206305807664 0.0932775030887056 -0.108737483987772 0.0991535757102873 -0.10680676781858 -0.130949517610893 -0.00129275028783509 -0.0494198827140811 0.00949811532441339 -0.170611699989433 -0.00388763110020151 -0.0657840605275945
-0.0739414718372086 -0.120224188160555 0.0117704865755832 0.135335354626932 0.127332911400897 -0.210116608601919 0.01739758153527 -0.0269048299392492 0.0255056295377924 -0.0375934094799216 -0.032335117062944 0.0213029784038317 -0.0190482749946821 0.0818565557160896 0.072599822852522 -0.0363681187658221 -0.0821923078071427 0.0877289246395739 -0.12861375713787 0.0393094057138155 -0.229739463324922 -0.117814728371102 -0.108574802628002
-0.0329510815525176 0.270736629571185 -0.0366459034155504 0.0356336684379309 0.201747378163467 -0.0270430442862566 0.0421317866611312 -0.101466144840749 -0.187974775010762 0.0921645927926052 0.15751346281678 0.0525631653392303 0.0452917451055761 -0.100019842805225 -0.102355318228375 0.20479290344159 -0.135066638441597 -0.0946748550916055 -0.0972834334128225 0.085630506745617 0.00477652436974972 0.24008044160733 -0.204633128741888
0.0570220352269764 -0.10104937685651 0.115676352583751 0.038453828752799 -0.0282161691845486 0.0851064820174139 0.0853268806248767 -0.0852176352349382 -0.0125866858239981 -0.0195724233737263 0.0288756463531466 0.0152906623512196 0.0568067040923782 -0.0784714140935889 0.0462584665029196 -0.100388644535176 -0.125712840441223 0.0187732299327268 -0.0247190042564339 0.0167189633841836 -0.207549133713426 0.0402362105609499 -0.10359160235904
-0.0390206171061132 0.053134260737075 -0.0284095203673544 -0.0494375007537853 0.156185406043939 -0.105807934141168 -0.044512906935709 0.0377859062863145 0.0328118975124819 -0.0662621900356403 0.0469729817400586 0.414057581610834 -0.00084555754097068 -0.0734148043585347 0.124021869020145 -0.0477931700731374 0.0386511760462822 -0.0703663881822059 0.103420125679957 0.0496380080722622 -0.048802666217958 -0.26306497243533 0.0664465380060942
-0.0261369897396473 -0.0969226819210288 -0.236640729022101 -0.16303438692226 -0.0528355191867708 -0.0686886203378554 0.0615604046409022 -0.0677743804162553 -0.0614941689461004 0.0795739906073331 0.145415873672347 0.0935187026325642 0.0317972998285161 -0.0380302837071887 -0.144520873662574 0.201249299405584 -0.0788159171556427 0.217326826209525 -0.0718065128215492 0.0121147179682054 0.111973917198714 0.157743602351152 0.0844408684824964
-0.0535415531097389 0.108755579695758 0.0447498266633201 0.0304797515042861 0.0484399224588112 -0.00616333914999867 0.0175544397258025 -0.0104797723268378 -0.0592790795679705 0.0267161685529446 0.0392591225126576 0.0215286058456706 -0.0406563803577556 -0.00833659346755197 0.0239455657417484 -0.00538189484689231 -0.0256511488396715 0.0625479585424282 -0.0472948212404395 0.0266502209680456 -0.000434412094732696 -0.00904026975395901 -0.0137976231707321
0.103123514295637 -0.0795075340232017 -0.0815610957680436 -0.102304208215499 0.017788094560972 0.236994705976731 -0.093274971444688 0.0562787832328998 0.0599465030785902 0.026167935605117 -0.0569587829146386 -0.00995902538525394 0.155681599297027 -0.14650939999889 -0.0286744527716431 0.0502157132560451 0.0835975013044331 -0.0502707350340343 -0.496353258127458 -0.0905120300408316 0.056692381366834 -0.262251362696172 0.0393853264055381
-0.167347437518966 -0.223586933147493 -0.09649817436993 -0.126101000424077 0.195536493287092 0.0585761614534541 -0.041683037018042 0.0399342835760019 0.145397264630327 -0.0632138234735731 -0.0449815199143698 -0.0162650633357848 -0.0718727641997233 0.0426106287985245 0.290446812673595 -0.169319421452718 -0.0268125899724502 0.232485610930923 -0.000939729725558121 0.0287968551009455 0.320924489457338 0.03982983476954 -0.305437932481151
0.00963566216997046 -0.0299940150274421 -0.196501168217493 -0.124673679925162 0.223465421246146 0.176511595303886 -0.0474235885646148 0.0492864420596665 0.165062033514561 0.0678614394473272 -0.0313689192579692 -0.0589818967099527 0.00387902386147208 -0.119475480367326 0.332295982380305 -0.100049783998135 -0.01302653272687 0.0398526099518444 0.0893506764754733 0.121287027720293 0.229923841410097 0.148216075129064 -0.375620884201078
-0.076929897398365 -0.11054143526483 -0.0194151785952594 -0.0528202331654805 0.00716813932266111 -0.0957098215127495 0.251640505136661 -0.238560996783893 -0.0590472073215862 -0.0337932508632224 0.185967761119739 0.00966038003685549 0.015257728929141 0.0130515281369617 -0.0314404523071597 0.0367064751075423 0.554886059393504 0.0173878844022427 -0.110255520011152 -0.0201124927238001 -0.0165491030676981 0.0923888867480628 -0.132704231190735
0.0794645827212035 0.12618102319878 0.042974197201221 0.0641710712467047 0.0162572047427329 0.157624778906762 -0.0882466575104458 0.0813083125179989 0.0349772557494379 -0.00150906410070716 -0.0854336157844014 -0.0150276523261503 -0.0429782353955648 -0.0433273777481457 0.101496281569813 -0.102899619039081 0.0972087230196491 0.0052448279913947 0.138558436311037 0.0628752107578346 -0.13751304516144 -0.0730441916550687 0.0442777884245164
0.0221351430617804 -0.113104573134429 0.0461698766533655 0.113902579155558 0.154785053675189 -0.253291785225801 0.00803252002965782 0.0064973320324333 0.130883803908325 0.0147976190951879 -0.157528527901976 -0.0936030185097404 -0.0219926088244314 -0.315295796272932 -0.0427462163085674 0.120476721184152 0.0559590577859515 0.0281763771412334 -0.0642690428199323 0.120191045577966 0.0770793706960432 0.0761646995241722 0.152384676197846
-0.0474196563069942 -0.19625727843949 0.00824984325080517 0.110993983370669 0.130885389920888 0.0178830618251168 -0.0168593845599967 -0.0153626213723946 -0.0403620559662843 -0.0724454472785821 -0.00104408289201988 0.0198704676294566 0.161089224405888 -0.00784267863786938 -0.0724257073905233 0.105971112300643 -0.0207631145451499 -0.141311545228136 0.0436201381847763 -0.0190715199261405 0.0166234717974785 0.0638800128189173 -0.0452271968311826
-0.122149577164774 0.147089872461803 0.0908747101665863 0.097916497649572 0.13566871076692 -0.00822192460765499 0.0363103242703434 -0.0257455659502172 -0.128043230818575 0.0360894905262308 0.0800939525702221 0.0466957830559653 -0.0231424460645454 -0.0230001798276379 0.0302379208019742 0.0237725973098426 -0.0588657238743356 0.0755305563937998 -0.083079675938125 0.0460574805428743 0.00920348210401257 -0.00219991421219493 -0.0380330926276478
0.19979372946642 0.00235843948123386 0.0198968094650707 -0.193417733939402 0.269691044202647 -0.111998781983284 0.150712950234938 -0.238581168669641 -0.108880688040485 0.014156947693889 0.157851915210325 -0.308164522038831 0.192457710423139 0.0090705975295579 0.166108569299606 -0.0864202439956862 -0.10791691411871 0.0541846532703475 0.148886973047327 -0.105730887673501 0.0381653271293785 -0.197506487736363 0.22229630657496
-0.212438959467427 0.212720669407011 -0.0962189552862198 -0.15081316310377 0.010463766118706 -0.193185204464034 -0.0709938783223423 0.0687031614100887 0.0443024571485691 -0.0605306868794178 0.0492269678147595 -0.208145670308229 0.284500582639322 -0.14795434371823 -0.0217919332673942 0.0226600363299007 0.0685527359796917 0.116011295079265 0.159484684987243 -0.254224548468759 0.058906971435353 -0.129711837182704 0.0311065545717232
0.35521065370687 -0.109312853069267 0.000439412167540121 -0.0810583995884308 0.28744344726849 -0.00392005953666361 0.136379947932403 -0.222066694844791 -0.140596459365056 0.0942600579470332 0.0797493010424188 -0.115309514081822 -0.14884957630856 0.235496355341377 0.141642036064081 -0.00869163579041135 -0.050756809657178 -0.0805998717416442 0.0141212923165183 0.131774697411075 0.186807489407452 -0.108030861114609 0.294781354362277
-0.155134013862436 0.109759106819298 0.0189318185775883 -0.11237500732589 -0.0196024330702158 -0.108788316482244 0.0169405534823047 -0.0163864699636124 0.0332329782926432 -0.0775015239383599 0.07883799925446 -0.193996050703334 0.343017524279998 -0.227845034893675 0.0269469615337068 -0.078029575437443 -0.0574056697403397 0.133843564195091 0.13360737405871 -0.237844194761967 -0.146910042669207 -0.09154474089566 -0.0707121259038263
0.218937809591647 0.00220149423559279 0.0930470968976918 0.105315821883074 -0.0620439285503202 -0.120152261882876 -0.00495981837324927 0.0170177706867172 -0.122800315474226 0.128625409526314 -0.139234477455096 -0.103498253479068 0.00336477833848285 0.0161936087213542 -0.00133293831507644 -0.0466734238015077 0.0109064040965626 0.133555544195001 -0.0389678336473181 -0.0673604645903642 -0.0174506007887308 -0.0648246406249116 -0.222546539062447
-0.146936807051695 0.02730872955858 -0.214905957715556 -0.0157546513797656 -0.0281939557408471 0.0937929417238296 0.0427311472842466 -0.0257981052920814 0.112324177369284 -0.037532799945676 0.133304374724571 -0.0391085518982979 -0.0149455847050997 -0.0386684571274031 0.0719242093200882 0.0145183004507113 -0.0398908689049687 -0.0729819633339615 -0.0295440416561732 0.101076875117536 -0.068875800185534 0.0992026340728913 0.194350795473797
0.117861156186636 -0.0843486423146334 -0.0247722505711559 -0.0629992447859251 0.000331815245094201 -0.0463943378945799 -0.275520898021433 0.278200447448337 -0.156034961963014 -0.0738786667186991 0.274877619484197 -0.160353341594419 -0.0274202582854897 -0.0172420674438747 0.0935799930194303 -0.104154878178984 0.0623597946178128 -0.0646542815086533 -0.0581764523867622 0.0703906819792636 -0.16687232688974 0.147597604186906 0.0285974958474975
-0.219769656872954 -0.0274210480206939 -0.15284455145072 0.0497733665048894 -0.0961481492492974 0.245537593889937 0.147827627087153 -0.136988430252118 0.0152023654616526 0.0555079582656551 -0.0362041697079387 -0.120042941457141 -0.146778181258053 -0.121141822601881 -0.102825920915194 0.147663655444966 -0.0368051991183793 -0.118511894351395 0.252231271471803 0.207331519921218 0.0207160120860051 -0.43947467131423 -0.0795209567141888
0.0344362763558261 0.265259443092688 0.00568504150754044 0.0616422981479748 0.0838795830060889 0.052274464635234 0.0821777607080805 -0.0857018099703018 0.288134029620082 -0.020671155593339 -0.190802690836088 0.226260078827112 0.116274619442878 0.0563880551702071 0.182666418785665 -0.131890095854351 0.031763258615247 0.115429040517481 -0.0850404244301771 -0.113770116025111 -0.0602325305432399 0.318035509545146 0.289552044765005
-0.0914539053840043 0.0150758572312816 -0.178902389048743 -0.109374757575106 0.0766651018790814 0.0876239308344665 -0.0274840605557592 0.0322122750708683 -0.0309913067637063 0.117125621852803 0.129126105935403 -0.0135199301071658 0.0776720164150081 0.380945181172418 -0.0347645439068525 0.17598685753255 -0.0520371821008044 0.0735516003502005 -0.019587905123968 -0.020158214534726 -0.161295498765612 -0.0396514399109605 -0.153184766118149
0.0421066900974749 0.0628510880337243 0.0291423388909784 0.086476409964737 -0.0978942606215696 -0.0209904921639158 0.0319366208531 0.0186666329656186 0.0506847897894 0.0375906565917871 -0.106802450341073 0.0909407014345362 0.640805439838815 0.387117460366246 0.0420764021237055 -0.0569792623180086 0.063610739320654 -0.0162734995671083 -0.0364447028735289 0.287820613729461 0.161328751419762 0.0185365935754921 0.0127909792708032
-0.274744694280648 -0.0337894591709134 0.0538769281334791 -0.121302837501599 -0.0316207772821014 0.0150512766532778 0.0800176514463573 -0.0558935912311773 0.186149682136523 -0.0846224141402732 0.076506010698501 -0.181424074038879 -0.148737148139008 0.150856977553663 -0.0158558350450719 -0.0196486849740652 -0.0852098309847411 0.0929870993123432 -0.183303871903741 0.0379641227395219 -0.0711586825436718 0.0847905398871636 0.144105674236031
0.0495819611858979 0.0292480456725559 -0.0368112691047236 -0.0718244567112131 0.0662280170197833 0.230831366826732 -0.0757205317188854 0.045799010906062 0.000667423510619659 0.0528841041580616 -0.017699660401981 0.0115695804604167 0.115025218939272 -0.154845993466442 -0.00472888702989462 0.0448338184091527 0.0579463524647616 0.0122772235083939 -0.543648079367897 -0.063861809072786 0.0562579692721013 -0.271291632450131 0.025587703234806
-0.0228021850236457 0.245499330718764 0.0408731205063047 -0.0434678332315765 -0.0331033995620235 -0.0158938809145247 0.0207409079359292 -0.000633349927951013 -0.0370567612351616 0.0669784337073072 0.0376840256314481 0.0118056065295615 -0.153331068321313 0.0012751327611412 0.0645688535507588 -0.075099800414379 -0.0110506723953829 0.159661704469933 -0.0727976166136962 0.0404103245750559 -0.0168661785431683 -0.0452367238398445 0.010878376340789
-1.68807613044157e-05 0.0384714109642903 -0.0526329563737494 0.0455038047809159 -0.0118327129195484 -0.0108009561049518 0.640257767007038 0.34570927948152 0.0501380347369067 0.0991947296665245 -0.137066389353906 0.0240270822273046 0.00279008202304367 -0.000373739553358801 -0.023865008030299 0.0508987879481064 -0.0496252869929071 0.0572290316204681 0.00538954365448056 -0.022411206375607 0.0558752865783327 -0.063566511211032 -0.0212053778512981
0.0478201050027005 -0.0887488248979003 0.0407811802753016 -0.107166125190707 0.0658099290930016 -0.0357942517577683 0.34518576570189 0.633584486638358 -0.0848193276825459 -0.0475980004121434 0.14887982536823 -0.00169247344558576 -0.00109911010879543 -0.00505813638606747 0.0164556703406342 -0.0232039710009847 0.0400030886490085 -0.0745737806575437 0.00763131568720917 0.0118970349216302 -0.012567478972805 0.0351951938838255 0.0479761272447392
0.109729516421227 -0.037118450418468 0.171404007754594 0.132413936161943 0.0248296128033097 -0.0425768260539538 -0.194821726122453 0.209351385003875 0.196857940689831 0.0536723749038048 0.568423054107184 0.00574835199158725 -0.0168779603385917 -0.0123232197543563 0.00963749836910904 -0.0218254619977676 0.0392979113936252 0.0159864462457233 -0.00443099423201499 -0.00174510307985981 0.0810729278133287 -0.0322178957820519 0.0192871950685547
-0.0308178129269273 -0.136213543872665 0.00402243760497755 0.0739519305079462 0.0820562947518086 0.00992729662227235 -0.0039094849431956 -0.00988191506123216 -0.0226430065378787 -0.0409836279612386 0.00137119073089013 0.0100393854354457 0.112200476613638 -0.00921819183251193 -0.0413110561560618 0.069801357177814 -0.0145323865801217 -0.0968528381374452 0.0258239684004442 -0.0136662145724891 0.0159514876832085 0.036770174078142 -0.0251675918523092
-0.0166018433800671 -0.0600437345668249 0.00422740564582769 0.0370420528627226 0.0488290951690794 0.00795576520284424 -0.0129498996168012 -0.00548070631116238 -0.0177190494284057 -0.0314618193173435 -0.00241527362291014 0.00983108219401091 0.0488887477922503 0.0013755131946428 -0.0311146512344614 0.0361697551228286 -0.00623072796502817 -0.0444587070906911 0.017796169784332 -0.00540530535365139 0.000671984114269997 0.0271098387407753 -0.0200596049788734
0.0251330227600171 0.0380880374942313 0.218265957833917 0.0834291584033919 -0.119977930459927 0.0356967858815889 -0.0436983087154557 0.057303835418222 0.0217147781121727 -0.0933818521444459 -0.0755553539690723 -0.0454682902842516 -0.0113315520404871 0.103941949414969 0.465744476636743 0.373439711594623 0.0519983367510297 -0.0951269203430782 0.045934881630562 -0.0990120274078247 -0.118758417226293 -0.123687610705048 -0.0281123829745335
-0.00100396697963024 -0.0588346444267975 -0.0183747711881833 -0.0796052285188676 -0.172813449646698 -0.0329918344562666 0.0178620959254466 -0.0104705449980335 -0.0397793908339278 -0.0138078615371128 0.0698605197032742 0.0480504123483126 0.0204657477880288 0.0659116657077803 0.321223602974169 0.574689011000207 -0.026817580404613 0.122199905866446 -0.0258716311909875 -0.0868973094396193 -0.00678450002757855 0.0340559916461039 0.0563284855079628
0.00253468532283854 0.0156395879339502 0.0235590186059617 0.0113508380812242 0.0234253440653939 0.0619149573940122 0.163393847626216 -0.157252684265894 -0.0240699515721483 -0.0353023149639295 0.100534145335338 -0.00536727228929484 -0.0277205064664238 -0.030275849611184 0.0700558292626536 -0.0661931439315385 0.652094782413153 0.0226327123936374 0.0283029162998853 0.0427627180340345 -0.154062148229139 0.0193446950929941 -0.0884264427662185
-0.0156086144150931 -0.0667569497834887 0.00238222763686335 0.0369870288909414 0.0423340934681582 0.00546455454277531 -0.00379542682024293 -0.00503131614208763 -0.0123925077966556 -0.0223282876991119 0.000166483092770127 0.00582516090587908 0.0548929724582941 -0.00360722061991273 -0.0224064757034582 0.0351131329706292 -0.00709284744405042 -0.0477621897865535 0.0137296390860798 -0.00659408090075659 0.00675303132928376 0.0198456858910072 -0.013835310982745
-0.051402261732861 0.069264322693488 0.10200936945061 -0.149330404721524 -0.162522920237423 -0.121619941322033 -0.0484501801712788 0.032961826431727 0.00858790660837387 -0.0601965908704901 0.0599375602514796 -0.0928793970884569 0.148375423302926 0.00734675036425908 -0.114790661357536 -0.0552365950231475 0.0049794943148626 0.111315550855737 -0.0308074179197776 0.66091777668141 -0.0112240967130128 -0.142681254295239 -0.0035244030069474
-0.0152091985118342 -0.0694565940891761 0.00164020996811418 0.0369649016170047 0.0397222012836504 0.00446274207949702 -0.000114058122952631 -0.00485059891914455 -0.010250498741223 -0.0186553402621267 0.00120470763811997 0.00421422452956671 0.0573075041553441 -0.00561097121259909 -0.0189045804526036 0.0346882242071849 -0.00743953913607116 -0.0490906483508917 0.0120943293143643 -0.00707213367173243 0.00919845635392462 0.0169244881871347 -0.0113322808695642
