-0.0312911555361762 -0.049177135598946 -0.10067443134492 -0.0271626855235976 0.092739822621744 0.0201202433880586 0.0342806568891021 0.013689571839835 -0.0276228473573983 0.00181535375489407 0.0161292706081231 0.0209541519231781 -0.0555673798940282 -0.0115951821373047 0.0317299064214318 -0.0234659843227941 -0.0387745515655193 0.0333336429195483 -0.0471629108640934 0.0116121316643389 -0.0220377802952204 0.00435643378065848 -0.0329260077246078 0.029769472720948 -0.0107011298734682 0.0155538024293734 0.0169793267997431 0.11609840519136
-0.135812976782662 -0.0654859236579732 -0.0203715989789844 -0.0358750090900599 -0.0317460175071523 0.00440366727251498 0.0101159295355305 -0.0373898346869631 0.040313059352148 -0.0363779580037149 -0.0796258973856392 0.0472874628598254 0.0130395700025336 -0.0949064006521355 -0.0384990526192942 0.145031254287706 0.111904224140407 -0.0767799270791349 -0.108399946350614 0.109416479666218 -0.0355410471670649 -0.0687121283121506 0.0283151721664894 0.0667951662759202 0.0395321503549222 -0.101668092691538 -0.0193182555140089 0.0672136889460473
0.0366721098939885 0.0193905345029818 0.0219772273707879 -0.0437690261670802 0.0165614073289236 0.000441218402420313 0.0623896116987983 0.0213828138938825 0.0254564623488618 -0.0193293584337055 0.00396655782528097 -0.00361215712373943 -0.0644411213887804 0.047701994060754 0.0305962284680977 -0.0169042248519412 0.032929230314901 0.0634435575598378 -0.000938292570744213 -0.0125495386347023 -0.0199492906997248 -0.0416707777609602 0.0442303335587165 -0.000259030051996345 0.0373293156440815 -0.0293220785726456 0.0936830605137008 -0.0680203359090735
0.0862144506739283 0.0523435717852604 -0.0148799153348905 0.0909953234427245 0.0801891347342672 -0.0152565347298332 -0.0538213319919935 0.0474565863954755 0.0272320083466033 -0.019736794501191 -9.46746856489745e-05 0.0144091974887952 -0.108272971897488 0.0956327425459036 -0.0736819762395181 -0.0614696786874237 -0.00514511479426929 0.0732894189377438 0.0475065830851467 -0.0265270402089519 -0.0325985831513468 0.0171899767247937 -0.0188804948174106 -0.0823510055894947 -0.0361420645778381 0.0323971393055337 0.0626456887533494 0.0385158733197467
0.11887898077824 -0.0673927476020976 0.0761949205185881 0.0237327567712989 0.0508494405934385 0.0920056032659867 -0.00362351704053513 -0.0824206630749171 -0.069298734739991 0.13315229959595 -0.00707637235946273 0.135237577804846 -0.0563604728825408 0.0363521693906063 0.144958636702428 0.0229816727272528 -0.00306525086933046 0.0137231582899854 -0.0988176512597604 0.0595123428573047 0.0452062282766847 -0.00266785461823164 -0.0259147849740748 0.0144234714248467 -0.0583455243379275 -0.00496739383657401 -0.0267222901400495 0.0597025942699264
0.00711285431261408 0.000669005762154321 -0.000430643464578689 0.0076973352645081 0.00134202594179197 -0.000542496473615234 -0.0114685818531899 -0.00063427658163902 -0.00167109199955997 0.0042986089980592 -0.00134169779214592 0.0018189007932307 0.00687019071694423 0.0016681833988228 -0.00748062108758871 -0.000831925783525964 -0.00212715495228288 -0.000202343203298469 0.000618319549754567 -0.00244501623878283 -0.00222152399280814 0.00530617057404443 -0.00667595003566829 -0.00367642987906864 -0.00393445122679498 0.00497699659819675 -0.00697350466909877 0.0109442831521461
0.0104352732875281 -0.00666553992609305 -0.129421016896049 0.0190547318422181 0.0928219512824735 0.148314636192649 0.212140857385009 -0.043902284053237 0.00185972122911364 0.0769563713152818 -0.0128548649548421 0.0208921901331695 -0.204024693083383 0.0355467862679799 0.0397848285076253 -0.00904213194778015 -0.0460149637664138 -0.0357985665352336 -0.0728286917342014 0.0276262491975066 0.0208056828323733 0.00514020378252997 -0.0472835322205129 -0.0313697756344039 -0.0958787829270149 0.0316764294621216 0.0199485098778555 0.0439630927103784
-0.044951876416916 0.0304666683804724 -0.0513318663682714 0.105461106636461 -0.0914962628778613 0.0988114298449109 -0.0720516708719372 0.12997808235466 -0.0475656025054132 0.0477924284354683 0.0459147892946518 -0.00946156018629862 -0.0703840627166515 -0.0369127602284561 0.0404864767862244 -0.127865656070057 0.0836696660213355 -0.0319327429520981 -0.100253563859419 -0.113064730147226 -0.0378614855563211 -0.0290882760172924 0.0123923107293102 0.0201762931852039 0.042545209209586 -0.0867385452332651 -0.0616298259564206 -0.0137710594208441
-0.246755403580232 0.0443409084645749 0.0199261249383691 0.0367372983373332 0.142972762916601 0.0193829807274476 -0.0177579354761243 0.0534584278613002 0.0105647193603783 0.192350965001969 -0.101104343346731 0.0128312145778182 0.0903222873086137 0.0277363129450822 -0.0715413037374033 -0.0890707801879014 0.101012954000898 0.0612938828047142 -0.0179991807115881 -0.0837020001595775 -0.0168411525343467 0.0515663727291612 0.056138096814278 -0.00410490182962592 0.0545283296753796 0.0657753199476211 0.014487030835405 -0.104269817981941
-0.00882001810049743 0.000546298455440974 -0.0342252903994242 -0.0380026207493617 -0.108028737872512 0.132369746455827 -0.0561959091738208 0.0595753133223927 0.00238272023005806 -0.0392860549304895 0.0832461733282124 -0.033081216142488 0.0240296435857874 0.294309152563573 -0.0113837529069388 -0.052602484854287 -0.0647670226952761 -0.033549673144003 -0.0313518671917724 0.106830626763715 0.0109896726264364 -0.151391571655862 -0.000212694313679337 0.0514389608382476 0.0305749283093004 -0.0494134031856209 -0.100619076415099 0.0512537064778473
0.028823131950563 -0.121056853690991 0.0187965391534111 0.00124355452241973 0.0643573896219026 -0.0823781080459051 0.0537900543268974 0.0478139432724428 0.107940207591151 -0.0212508199903125 -0.0130339192139624 0.0976832463308425 0.0776592809563113 -0.0100837399060155 -0.0351426349825664 -0.0439471948428195 0.00255067995582667 -0.129578572699098 -0.123025562840404 -0.0127375844729824 0.0876448645595732 0.238621646620903 -0.0100369587189952 -0.0209193738097886 -0.0408341791612146 0.00778072074577214 0.182295883147459 -0.0448167726244567
0.0488960594003062 -0.0300956947843736 0.051093068193833 -0.10119282031519 0.0922404361239655 -0.0991122521682344 0.0656921725044884 -0.130329798106187 0.0466389572602468 -0.0454087861285639 -0.0466587805769208 0.0104701675950591 0.0741936851449308 0.0378377926114675 -0.0446345918891211 0.127404340910964 -0.0848492049233134 0.0318205406512806 0.100596431200609 0.11170893245768 0.0366296176247527 0.0320306261295388 -0.0160942238251472 -0.0222149279626567 -0.0447269206429529 0.0894983635042771 0.0577629144126716 0.0198398263991791
0.112953871134308 -0.221395084829168 -0.0798916719400896 -0.0135830601847513 0.0264217313524341 -0.0196725398267571 -0.0988318040764161 -0.0675434820850022 0.0528674342387621 0.0306703703452577 0.0396527247245111 -0.0613243102336295 -0.0874593504402059 -0.0503798822979463 0.0428864507194444 0.0197438114332016 0.0995125390720109 -0.115943373029199 0.0493375674340472 -0.164213436833974 -0.0390514899090309 -0.0843911852480599 0.0104812382429834 -0.00256032820315455 -0.0449957361039683 0.0267992395992658 0.00863672124251992 -0.0427449635377523
-0.0855363437111168 -0.116561750919714 -0.0192944992682027 -0.0411986912617288 0.0582882739793504 0.0616092386849161 -0.0839288126410054 -0.0421916688073127 0.130716407638747 0.0331026883832511 0.00936728891486808 -0.0594328606540285 -0.0136661138601237 0.0844890423376281 -0.0254701840267323 0.106265345817431 -0.0694670147076677 0.155600283177437 0.00530341241047071 0.0149910918656558 -0.00423484501255797 -0.00707319759607057 -0.00505072039607638 -0.0307216720515142 -0.0343044869934108 0.0345257037958837 -0.112371059438847 -0.0983229085000269
0.053973048046168 0.0420869697356577 -0.145902023394037 -0.0664040274978117 -0.219543475339457 -0.143317684288374 0.0194653761663723 -0.0600640946088732 -0.0349550198253338 0.0154919277952172 -0.0201515181947411 -0.0309063912285632 -0.105385880688499 0.0609380264573491 -0.0346860454958882 0.0379315081160584 0.0163798165050011 0.00167654385689435 0.179084197474865 0.0608506009622961 0.0388284705344556 0.0506563226577458 0.131289700537469 0.0710106143611343 0.0326330915872647 0.0427433299589468 0.00898955744394322 0.129630410007633
0.0494739200508717 -0.00921895192905039 0.11334404247757 0.0614466596774638 -0.0681738147991377 -0.0261073459070374 0.0562476449427003 -0.0188292332476261 -0.0366285267923706 -0.0516860954501485 -0.135384468129439 0.051192448756598 0.0373610091136994 -0.0917492605365641 0.0295875254355259 0.0147947852632665 -0.185713822761823 0.123053061175063 -0.065619996453433 -0.0690455432912342 -0.0673165724273526 -0.0699245765475209 0.0157771890966277 0.00417758179011492 0.0132213021761839 -0.0808245890953411 -0.0429143123967295 -0.00897581668793397
-0.0240792495680609 0.185933347820623 -0.0327883832101423 -0.0347147083313346 0.120471806323037 -0.0489072570525773 -0.0157150118613371 -0.0395182389957793 -0.0404292593442375 -0.00309648598012437 0.0605765738147817 -0.0202549054379711 0.074638088992305 0.0272978280344589 0.0519484967135722 0.0744189174898963 0.0842252512252048 -0.0277798274884379 -0.0477111774607342 -0.0384056079705972 0.147191364721032 -0.194444550020587 -0.0892846870035574 -0.0553980548850167 -0.0878190510955643 0.0330367827238701 0.0480987603424425 0.0355692498105175
0.0244453503813374 -0.0114473991818238 0.117046142414674 -0.0235094080867233 0.136501355819436 0.140125900552851 0.0387290715030638 -0.0173803324646272 -0.0795828527541673 -0.0190555244775643 0.0523060798830921 -0.0282706954377 0.00185237798484598 -0.0334753685227871 -0.0289826754929295 -0.061848935515821 0.067713053251992 -0.091099849836286 0.152409414429329 0.156673412960997 -0.164922665435616 0.0128550188693562 -0.0571028761064297 0.0105643819297128 0.0733699660235779 0.0509795792165901 -0.0245749022663485 0.00399191510736698
0.0606846810388876 0.0964996183580835 -0.0376593017409849 -0.0408611764012677 -0.0525429146825264 0.0621288131297926 -0.039646955465556 0.0465455129719819 0.0515916163788046 -0.00305698803104817 0.155981562213925 -0.031787845552914 -0.0618008691290968 -0.106560384501614 0.0437125053017806 0.100225150319768 0.101997408318483 0.139256634450957 -0.0690597104544552 0.0753647771943223 0.0281877483135105 0.200175706801933 -0.0715848665883301 -0.0349824421651534 0.00437112364334315 -0.0279950579288952 -0.0375937374403431 -0.0112828568002836
0.09247330878258 0.117214213264746 0.018874504911403 0.0487056840281261 -0.0569794341417764 -0.0621383201089777 0.0727438300393371 0.0415730768470256 -0.132346176269266 -0.0289103769475269 -0.0106758087173991 0.0612067830087605 0.0203664160093203 -0.0828621103829127 0.018174546450489 -0.107076699438457 0.0673924608145273 -0.155797622764618 -0.00470038289079613 -0.0173756468561208 0.00206825567075219 0.0122481552597038 -0.00146014432585868 0.0271361542638727 0.0304673283035094 -0.0296717801746377 0.105569998122375 0.108996557449085
-0.0567404980554974 -0.0961286447619848 0.0374205035665469 0.0451294627225386 0.0532870879286307 -0.0624296354531163 0.0332874570981071 -0.0468972287235083 -0.052518261623971 0.00544063033795334 -0.156725553496195 0.0327964529616743 0.0656104915573759 0.107485416884625 -0.0478606204046777 -0.10068646547886 -0.103176947220461 -0.139368836751775 0.0694025777956461 -0.0767205748838686 -0.0294196162450788 -0.197233356689687 0.0678829534924931 0.0329438073877012 -0.00655283507671041 0.0307548761999069 0.0337268258965943 0.0173516237786188
-0.183456263385927 -0.14577026923426 -0.236782976535341 -0.196960295929626 -0.131323137325566 0.12527652261512 0.14584094470329 0.0294001445754428 -0.445414803831001 0.0491417290162177 0.0248885579489921 0.0155347076820275 0.138316061633277 -0.167963423006696 0.27082145271148 0.081829736488097 -0.350492907964009 -0.0286108530493035 0.0370629739515451 0.0127944478825741 0.0269595438906433 0.0154526769846005 -0.0310240569482017 -0.0203749951076886 -0.0596033100897723 -0.075072347048484 0.103523757951149 -0.299880432257242
-0.0455851149849503 -0.0729309486741692 -0.012301659248545 -0.115220860784796 0.034773253828832 -0.0305733913824784 -0.0282750511822539 0.012955035926436 0.0457843384247255 0.00842652547518571 0.125470891488482 0.0516799303293581 0.0480360668617744 -0.0108987400835505 -0.00752442650561917 -0.0678121915417721 0.107905270687204 0.0495373874563544 -0.0027841915126903 -0.00348645599071945 0.00528931330096876 -0.0161337370293291 -0.0224229045855666 0.0605711008201403 0.0375965035971665 0.0491360954794248 0.00637726401860002 0.144082642121224
-0.0679118183683356 -0.0327434631446569 -0.0101854767892565 -0.0179432724995181 -0.015874014393098 0.00220224015291066 0.00506655868447804 -0.0186944420519254 0.0201577818993782 -0.01819220014011 -0.0398119432991948 0.0236423684469278 0.00651463686285018 -0.0474544503698286 -0.0192439207486973 0.0725162505427164 0.0559537060416932 -0.0383898119148367 -0.0542004365095518 0.0547100719921487 -0.0177688588971385 -0.0343600403048756 0.0141625886685093 0.0334003380498215 0.0197690234361548 -0.0508377758299191 -0.00965390220086419 0.0335986434365665
-0.0306515582956275 -0.0491169777184975 -0.100713155373208 -0.026470530985011 0.0928604993643567 0.0200714613896814 0.0332493868835698 0.0136325368531012 -0.0277731141539119 0.00220189034520383 0.0160086233731595 0.0211177098813556 -0.054949603284039 -0.011445176886005 0.0310572391074501 -0.0235407921864307 -0.0389658281442198 0.0333154479518492 -0.0471073107547116 0.0113922725795472 -0.0222375426625022 0.00483357163669712 -0.0335263179563651 0.0294388832975773 -0.0110549209167178 0.0160013405273756 0.0163522600629195 0.117082529566225
0.135828327116435 0.065487367447104 0.0203706696023056 0.035891620798986 0.0317489137489751 -0.00440483804047601 -0.0101406800156633 0.0373884658472815 -0.0403166657552644 0.0363872348818825 0.0796230018520001 -0.0472835374688292 -0.0130247433638937 0.0949100007781669 0.0384829086037586 -0.145033049676434 -0.111908814778296 0.0767794903999102 0.108401280753239 -0.109421756284253 0.0355362528702502 0.0687235796206958 -0.0283295796120516 -0.0668031004220812 -0.0395406413399602 0.101678833605891 0.0193032059123252 -0.0671900699610507
0.0240639666889199 -0.00448541939876927 -0.0295875309470852 0.00769708002556828 0.0291830874657791 0.0680687582056639 0.0229450123978873 -0.0235185909960074 -0.0250289816421158 -0.0197105814613688 0.0679595447401038 0.233997602039662 -0.0684269621195456 -0.0434695967615437 -0.126502250485059 0.00986215466335739 -0.0488193583853532 0.0199660707675608 0.0065621550729304 -0.0416461364275224 0.0515153876843021 -0.040995063626861 0.0151747666290454 0.000963329558960868 0.000136199956224808 0.0289400928658995 -0.0512296046756101 -0.00735920958014261
0.0225769031046424 -0.00462528647081185 -0.0294974975813161 0.00608782072335718 0.0289025140392076 0.0681821763518907 0.0253427151607492 -0.0233859846518482 -0.0246796113402224 -0.0206092790338367 0.0682400495613901 0.233617329786899 -0.0698632927377759 -0.0438183589708146 -0.124938298980049 0.0100360829463122 -0.048374640339878 0.020008374067463 0.00643288481861821 -0.0411349640553833 0.0519798351882325 -0.0421044091421531 0.0165704879178817 0.00173194996829877 0.000958764131775671 0.027899566788044 -0.049771674512494 -0.00964729875170362
-0.0811734898236706 -0.0141915050885356 0.0857612966809307 0.260046472576465 0.00313823431552954 -0.205205416905035 0.0454516677126276 -0.049078346366727 0.0405341043300427 0.297405962413264 0.372043059447762 -0.0192847545957168 -0.0590744267319248 0.0234702472976501 -0.0642908663016924 0.174356103507527 -0.193867979473736 -0.0591285852001414 0.0123006650460913 0.029403193768853 -0.0901709657554659 -0.0652688340123706 -0.103059244190905 0.0875812879872969 0.178759014034985 -0.131855629843517 0.153225813372903 -0.00156461966456514
0.0116001164755531 0.0123991003872407 -0.22608849690373 0.0244621424619568 -0.0539984102573164 0.0682805957578388 0.0182103284599266 -0.277842512572813 -0.00189412278614667 -0.279366607251246 -0.137234385125384 0.0706466877124493 0.132197730626533 0.0470685323746312 0.144567104664424 -0.187003810502442 0.158204617132492 0.0624650966836955 -0.117842053298197 0.0219424394438391 -0.0682691954011664 0.0507533710527166 0.0485189701314431 -0.221876400551797 0.108591914983045 0.188631175134723 -0.0945008799112323 -0.0547087242050802
0.0710604369323953 0.00193227177333732 0.140237166857032 -0.282899355736213 0.0511407493683584 0.136811403000969 -0.0660596989354163 0.326788252595383 -0.0389893518457896 -0.0171406575895496 -0.235089179143665 -0.0509816608639698 -0.0716869732763778 -0.0701900174630108 -0.0818401898677421 0.0124737787119599 0.0352186442957686 -0.00337881478345699 0.105670658506419 -0.0518568055848314 0.157975713652703 0.0156248084749464 0.0531445527706256 0.133526492155163 -0.288173493193582 -0.0557350192133514 -0.0601828636247866 0.0585614330412071
-0.0664247547840573 -0.0326035960726144 -0.0102755101550245 -0.0163340131973092 -0.0155934409665263 0.00208882200668456 0.00266885592161558 -0.0188270483960822 0.0198084115974843 -0.017293502567642 -0.0400924481204829 0.0240226406996905 0.0079509674810798 -0.0471056881605581 -0.0208078722537081 0.0723423222597613 0.0555089879962177 -0.0384321152147395 -0.0540711662552384 0.0541988996200091 -0.0182333064010676 -0.0332506947895828 0.0127668673796735 0.0326317176404847 0.0189464592606015 -0.0497972497520646 -0.0111118323639804 0.0358867326081281
-0.0342457444621917 -0.0191623205703457 -0.0221241301990971 0.0463947720887448 -0.0161036100494312 -0.000626276978429525 -0.066301820403952 -0.0215991808689766 -0.0260265119636702 0.0207957172004248 -0.00442424316504904 0.00423262786791588 0.0667847084401672 -0.0471329366395129 -0.0331480479793014 0.0166204349872466 -0.0336548539559121 -0.0635125816860549 0.00114921621902626 0.0117154848749558 0.0191914755125792 0.0434808399793358 -0.0465076604487413 -0.000995088474679306 -0.0386714514492332 0.0310198516422541 -0.0960618904354053 0.0717536937354902
-0.0552973101362919 -0.0354827421674946 0.123616756984539 0.0732385574040365 0.0260517490645851 -0.0708970527425374 -0.145931690424797 0.012413210459489 -0.0399313654102829 -0.0619640920464102 0.0363488239405513 0.0961682044834443 -0.0939964465130675 -0.00407509576157342 0.103867924194525 -0.0137517526603643 0.00150479963461291 0.0122034031628603 0.0521795806807937 0.094220053289631 0.0896847272818942 -0.0171257533408223 0.0631789510069749 -0.00123938622764887 -0.021642726994134 -0.042127186196949 0.0192943557545077 -0.0511418214713668
0.0508309973318729 -0.0655661942811317 0.0397712572525429 0.110002136231773 -0.0854232066487803 -0.0178589590433351 0.082266786285215 0.291440789751119 0.0026893081477532 -0.01458972713808 -0.0146163840032284 0.049532848517798 0.0440670014230645 0.0138070503640622 0.109169693143116 0.197965075632338 0.0485911955939972 0.0100123859496997 -0.0489277680679819 0.0207116847909534 -0.059022001863405 -0.088914328687498 0.015828675974663 0.0133698765969353 0.0618344370500629 0.375297376115934 -0.00223091678628576 -0.00744681790311938
0.0508084515291431 -0.0655683148464174 0.03977262227454 0.109977737784287 -0.0854274605039573 -0.0178572394778924 0.0823031385529099 0.291442800234401 0.0026946050523302 -0.0146033525528887 -0.014612131188196 0.0495270830997721 0.0440452247975627 0.0138017626789537 0.109193404665934 0.197967712609531 0.0485979380933957 0.0100130273223113 -0.0489297279718372 0.0207194348236926 -0.0590149602399582 -0.0889311477969231 0.0158498369103323 0.0133815298741087 0.0618469081843371 0.375281600397979 -0.00220881268381254 -0.00748150828733338
-0.0488738290432967 -0.0625920374277344 -0.0122473240345896 0.166709881948538 -0.0595971145600512 -0.0254118455976265 0.0851793340864327 0.306170435974127 0.00545674421198435 -0.0637018362353611 -0.00140913997214334 0.0423786398888267 -0.0440581512296533 -0.0123665132389897 0.092690957428914 0.183470725738582 0.0112540752991785 -0.0403828268554354 -0.00933073571029469 0.0579809636319979 -0.0165619708484518 -0.0723634925097289 0.0141476927116853 -0.0102762586485919 0.013304252104276 0.387567808943591 -0.0165817768841879 -0.00610530689714082
-0.0725311623795215 0.000559890593568823 0.0104131825888523 -0.0567077706861963 -0.0876010834001372 0.0985640831055851 -0.0911097381803715 -0.0331273224861543 -0.00531308915641296 0.014726395254198 0.00424022156035981 0.0837928936278114 -0.0493972168196759 0.00999672698061557 -0.0346351453257238 0.0101530289560094 -0.01351883843001 0.026644895128999 -0.00246870021870087 -0.0266875796710794 -0.0980768821182957 -0.0124876611321895 -0.0799381724350011 -0.0667357029938989 -0.0700815392541759 0.0595291736043769 0.17974882137933 0.0815066796778956
0.0226197777415006 0.0496748137296625 -0.119629133215641 -0.0797664847352129 -0.00318940113043615 -0.0399440482150538 -0.136182537300714 0.0575419682844683 0.148949862834411 0.0884187563944322 -0.0332790373112397 0.100832041376854 0.0367073101636468 -0.118195872923012 0.0444692481029079 -0.111582321181735 -0.0830544279294659 0.00597295240565406 0.0122660393018308 0.130746623285204 -0.0949500951638561 -0.0899912680779472 -0.0560927879036218 0.0227691825193402 -0.0141306877215619 0.0325396770817134 0.0584559771734837 0.00966279932441812
-0.0938631152166383 -0.0950952311424538 0.0887791059704596 0.0163793928741487 0.00600657636350342 0.0350722431509658 0.0163692938313828 -0.038601443160585 -0.180518816528728 -0.116793118707028 0.0576670518582689 -0.0480360208439673 -0.0134821491656591 0.0941847362123212 -0.0515595259809951 0.097534845987254 0.0600700707218858 0.0585388671420776 -0.024115861646341 -0.146817693739378 0.0129928512266193 0.0866759181441382 0.00540246745450033 -0.0114740219103341 0.015481292374736 -0.00198820825912108 0.0369224643757264 0.127563147073034
-0.0808430048157898 0.0183824175952692 -0.0493608222301621 -0.013443849132821 -0.0270306144867518 -0.0313998156125519 0.00927320320973788 -0.0884075002164245 -0.0920586404627758 0.336801270388286 -0.127023211401591 0.115387797307877 -0.0781269424808306 0.123398951816442 0.0460297278258549 -0.0273459340241327 0.116402870515454 0.0768910003511399 0.0616641043167198 0.0390464147300085 0.0693609679617962 0.0943778950306419 0.168026378392239 0.0849160791999273 0.0326545297439651 0.0986954677066728 0.0035579722338414 0.074385436828331
-0.000793895958801184 -0.0879907510632517 -0.00943873010529565 0.0580663857227236 -0.0660975753638446 -0.0161339250068553 0.18571080729251 0.0427191192540164 0.0280746025960321 0.0261268894628314 -0.119406070710052 0.026773835136447 -0.0555956460069572 0.0245040552777952 -0.0719146525341097 0.08457684590521 0.199259314830091 0.058281441779485 -0.0284443697883441 0.152902217473455 -0.0575002777710212 -0.134949279331725 0.0111366427993617 -0.162782239465071 -0.0691128248660321 -0.208789230337984 0.0704452394498254 -0.0614854767525929
-0.0637577238869851 0.114028375163678 0.0611013066477746 -0.0224618329272396 -0.0586374943267456 0.128745688933113 -0.0291836385933163 -0.151233773106148 0.0697564802787858 0.00975945128472263 -0.00500195564733606 -0.00095158888330472 -0.0259510288940975 -0.0610851948065328 0.0115876479125518 0.0985496550058738 -0.0552957377193769 -0.237477260884141 -0.0586111152019622 -0.038480055534752 0.0873889881935993 0.0613543462110819 0.0373953644405313 0.139576428123031 0.0351399032804641 0.10646109722239 -0.102051817937272 -0.062236793486352
0.0574186409841157 0.0356822658043154 -0.123745191678359 -0.0709429115177316 -0.025651504534924 0.070735259114588 0.142511311573116 -0.0126023764988247 0.0394329805351799 0.0632461050709335 -0.0367489706031781 -0.095625737255489 0.0960454056028727 0.00457261317838282 -0.106098937452569 0.0135036399126353 -0.00213920028729732 -0.012263749805732 -0.0519951736513435 -0.0949492525875219 -0.0903472724667111 0.0187082605633553 -0.0651699799423034 0.000142931306801033 0.0204693200340259 0.0436115208886563 -0.0213741270983079 0.0544058339813357
0.0275049598788981 0.131367894934243 0.0638595470260625 0.160193364585516 0.079858534701288 0.0269413516812511 -0.052288102743887 -0.0559786205812044 0.106888143210577 -0.0825224435876599 -0.230827184335509 -0.112227302515798 -0.192883396024917 0.0211217522167992 0.0405538817390285 0.0304555701518763 -0.183096264718545 0.00734214771683497 -0.137784399042621 -0.0500768311127906 -0.134143941813389 0.0313007946535879 -0.011606320469887 0.0450694734949044 -0.0109127711698746 0.0210475572201717 0.0461090234059574 0.151530531895373
0.216756111658133 0.0117831933783409 -0.0131779081761938 0.0830796402696158 0.15567951771073 -0.036160981911087 0.0589151433608949 0.0234491928103653 0.0244005133921892 -0.0219523935600153 0.0101992419236952 0.195961182621724 -0.0305828738359507 0.0213905997180905 -0.170579137279531 0.0249981693795306 0.0522011633464226 0.0785547330103564 -0.0370728249221664 -0.0247850693527824 0.0560921968485238 -0.0606217790912364 0.0900547716277957 0.0412814056702303 0.101183668571883 -0.0597932893145446 -0.165747113107439 -0.0147793367375302
0.0262565451744323 -0.185728560369262 0.0326565601638476 0.0370709177397661 -0.120061002578397 0.0487411949997695 0.0122043968841707 0.0393240823951052 0.0399177261244401 0.00441232095630037 -0.0609872771104667 0.0208116839872666 -0.0725350744491266 -0.0267871851581612 -0.0542383683615904 -0.0746735759256927 -0.0848763885785259 0.0277178887858923 0.0479004494997559 0.0376571710027868 -0.147871389112986 0.196068806805523 0.08724113092295 0.0542726733896254 0.0866146874191718 -0.0315132884485882 -0.0502334000257149 -0.0322191264177474
0.0418796040838941 -0.0496768683120659 -0.11112633796206 0.0302372397011854 0.180461582764493 -0.0784926217159036 0.124359125063941 0.0467598593392556 -0.0224600249974986 -0.0125245049089943 0.0117684018127997 -0.0626751837464557 -0.00555238646436289 -0.0214419038666207 0.0656923844331738 -0.0336938211424401 -0.0254469897142097 0.00667055282284972 -0.0446386105360105 0.038079852250627 0.0758393394557933 0.0173212327688864 0.0464118544786361 0.0961745862914765 0.0590266183374583 -0.0435278330770015 -0.163396561316411 0.0355758498883292
-0.0152138302094023 0.0123156779229636 -0.117605059222955 0.0334995052602924 -0.134759588167744 -0.14082998739609 -0.0536137352495793 0.0165571274894314 0.0774140019911562 0.0246345359310214 -0.0540474216410516 0.0306313819673933 0.00706419775269419 0.0356404443165384 0.0192738439277714 0.0607692086839988 -0.0704738118712162 0.0908372358024808 -0.151606919517246 -0.159846712418151 0.162039428601188 -0.00596832914717965 0.0484383984280653 -0.0153358892736971 -0.0784763500811346 -0.0445201126687621 0.0155242390315197 0.0102122800365197
-0.0168258346079797 0.120809397026413 0.0152363847949924 0.0401974304166777 0.0442708250541244 -0.0502339690846086 -0.00271710781430856 -0.107672585020811 -0.111069396916239 0.062457043750235 -0.070811584334831 -0.0637895355863636 -0.0986200420098908 -0.283480242821073 0.0431848289238791 0.0961780622835087 0.0612661524251896 0.163037860066679 0.154653630525546 -0.0951852197768185 -0.0996268817157759 -0.0848598330229302 0.00726753691764072 -0.0321618313127309 0.00850174962069606 0.0438558838839353 -0.0847918391308764 -0.00154817300570117
0.0970734052958155 -0.0626949132340451 0.10564571853529 0.0184796455817012 0.0220924576776241 0.023764597856637 -0.0302099008583727 -0.0591034602406144 -0.0448003388952483 0.154227725652008 -0.0754619174592496 -0.0981825078994056 0.0142478327061924 0.0803514284442692 0.269085726929618 0.0128553746143878 0.0450787178864944 -0.00630715815040065 -0.105183484663136 0.100382166017225 -0.00701451200305726 0.0400119628975623 -0.0432092220185297 0.0122928443865223 -0.059730945726568 -0.0323272483258511 0.0222931680156153 0.0705367060125365
-0.0293366353939784 0.0802688036228823 0.0552612056408481 -0.229938483627695 0.0832180792637253 0.0221917922750491 0.0185617999273182 -0.0155740455656799 0.0896260453547642 -0.123112078597905 0.0524973474373969 0.0085688944424639 -0.128874176725461 0.022679096919747 0.129762251010854 0.0102486287936803 0.0127286823824281 0.0553925921639015 -0.0831471982990056 -0.0796445977135944 -0.0365350600179519 -0.0620082484950913 0.153937207160737 0.231040375743203 0.223030195520959 0.0161224024238689 0.195534664658208 -0.0820302277874852
-0.108673899599629 0.221797641312503 0.0796325436507997 0.0182147276387789 -0.0256142028164585 0.0193461069542862 0.0919308889560625 0.0671618229654401 -0.0538729695520978 -0.028083796328441 -0.0404600558051352 0.0624187855704329 0.0915933055887305 0.05138366743789 -0.0473877161621824 -0.0202444007207039 -0.100792498177806 0.115821618370339 -0.0489655100354316 0.162742213124912 0.0377147467346399 0.0875840327347271 -0.0144983142104931 0.00034813397843218 0.0426282843728956 -0.0238044638268029 -0.0128328428231016 0.0493303958128917
-0.0599839696345611 0.0226514439198477 -0.030225938451182 0.0162379895169389 0.0429627252241005 -0.00734419567746699 0.0603864391403147 0.0358405933467852 0.0275076266830472 -0.0665989764505168 0.0165987167030467 -0.00998673948539737 -0.149621538867207 0.0222434554888954 0.0109111118905754 -0.0317551588956991 -0.00531964167171551 0.012961615408665 0.0389237669749964 0.0236717452355022 0.0215585396978525 -0.0228455844694015 0.0396878715243624 -0.0254809748822591 -0.012887273274522 -0.0149183808111799 0.0763431823036039 -0.0619878320495717
-0.0937746140102172 0.00353192818802359 -0.0523776224099069 0.0631252583996579 0.0269449817052347 -0.00800518308032448 -0.00664917284215967 0.0142008297082971 0.00137419363254097 -0.0455282223603939 0.0120886280033531 -0.00563773331532545 -0.0823972566283397 -0.0247827461640998 -0.0227155669104313 -0.0151879528204241 -0.0391105968832297 -0.0505639127550323 0.0401125449885227 0.0352307912108357 0.0406078759626807 0.0209747589752514 -0.00724693466720022 -0.026711291506224 -0.0518104617923215 0.0164199128352273 -0.0201648922428323 0.0104661071838166
0.100315108742194 -0.00291675620913621 0.0519816321101415 -0.0560473149278658 -0.0257109463634871 0.00750634039750677 -0.00389655126482954 -0.0147840671061823 -0.00291081563257085 0.0494809294272007 -0.0133223616011114 0.00731027018073217 0.0887146145014178 0.0263166936136666 0.015836898985443 0.01442297072387 0.0371546105593097 0.0503778517734546 -0.0395439805866514 -0.0374790610511153 -0.0426506376070678 -0.0160955671401305 0.00110818725017563 0.0233306978373942 0.0481926093253539 -0.01184340689248 0.0137525339198488 -0.00040249233162811
-0.121175759251362 0.00770346632581669 -0.0225880440047295 0.0518167755497102 -0.00286775174971408 -0.0758194151117077 -0.0242134050774291 0.0380170078769603 0.0271872110688183 -0.027834443876037 -0.0552414247074276 -0.240488719446523 -0.0171936211935002 0.0179041794481347 0.10729640936875 -0.024659788104274 0.0107067709610601 -0.0704350490042467 0.0332602893948759 0.0780240698956418 -0.0098652266000379 0.0594802961959908 -0.0192895076232725 -0.0259497294250725 -0.0501007127565131 -0.0148552659992574 0.0343365115155004 0.0126905248225519
-0.0718989246467008 -0.0454820792402509 -0.0308103351161877 -0.0640965502631145 0.00269348157188962 -0.00482180351575201 -0.118756191713661 0.0189989859852851 -0.0314149302278892 -0.0287705623176619 0.0245116779628666 0.0526283736257548 0.0225919399727479 -0.0241648920932716 -0.00640079388125506 -0.0139707971342527 -0.0227882987144139 0.0645304693896252 -0.0119068124566266 -0.0158457148922625 -0.0817524875107723 -0.00380441623624869 -0.0500750024615699 0.0116340147679616 0.00171324047250392 0.0300927422721413 0.0960211849544537 0.136217218913215
0.0712666869138801 0.0915240490740705 0.0720338528212277 0.0714853298400324 -0.0929880465439163 0.10820769013709 0.146402645246951 -0.0711252944567246 0.0575167712993657 0.0722675198895216 -0.0447831343653737 -0.0214638536236982 -0.0945810967651717 0.0583265111671588 -0.0218335575632138 0.0380946232245149 0.0320577589988178 -0.102416043650251 0.0213449246945524 0.00500385011344577 0.0654280929032489 -0.00487882865969209 0.0202118324881388 -0.0900037325298223 -0.073508020199184 -0.000656310939905487 -0.0122935485295775 -0.190927758148535
-0.0995363191521696 0.0029900059483171 -0.052028783455085 0.0568900995979096 0.0258578853822097 -0.00756573857828039 0.00264085112434336 0.0147146198804603 0.0027278470244663 -0.0490102728114258 0.0131754585116406 -0.00711111792190657 -0.0879623942566772 -0.0261340434695531 -0.0166559555236319 -0.0145140586488306 -0.0373875137034483 -0.0504000064210003 0.0396116806698382 0.0372113551329967 0.0424074019546067 0.0166765421220914 -0.00183913999611926 -0.0237332317840259 -0.0486233941443893 0.0123883404690593 -0.0145160660552746 0.00160078677357331
0.059778320755523 -0.0460588403979672 -0.0677226883140681 0.211732155043156 0.00980431798735375 0.270043318541562 0.0151387649146748 -0.0252993973448975 0.100844937588018 -0.0282929922006623 -0.00143018047543244 -0.0792969744687649 0.147152538736325 -0.0900034406296068 0.0177909401847647 0.00301499545831098 0.0124274802553477 0.131073883436926 0.137028835178128 0.0301100263923066 0.181167629811382 -0.0631698897528697 0.131733614631098 0.106927538672424 0.040526125963257 -0.0373741761854887 0.229677999526853 0.0592996374278101
0.0319974676345397 -0.0480526568859313 0.0165730667365005 0.00832371494845072 -0.0178733533610603 -0.0243486843857282 -0.0326802038174274 -0.0556439542357915 -0.117548610658864 0.0317789406384417 0.0601477748137937 -0.107427569307591 -0.0776102296117638 -0.0943738083437996 -0.207982590235928 -0.0869232217742781 -0.0405072696539581 0.0391604655456496 -0.179842559221701 0.118385643485726 0.0657120692157077 -0.0725687246240147 0.056387789217094 0.0203333380460141 -0.0231924386795508 0.125458364316976 0.0445929850541013 -0.0527236989886875
-0.0712586919483732 -0.0915232971005649 -0.0720343368715814 -0.0714766779083 0.092989555003199 -0.108208299912069 -0.14641553612202 0.0711245815193903 -0.0575186496343221 -0.0722626881821425 0.0447816262749366 0.0214658980981754 0.0945888189727965 -0.0583246361015175 0.021825149221789 -0.0380955583228102 -0.0320601499560514 0.102415816213155 -0.0213442296931851 -0.00500659835200563 -0.0654305899328398 0.0048847928828926 -0.0202193363660358 0.0899996001620302 0.0735035978111433 0.000661905166130528 0.0122857101953672 0.190940059703221
-0.0211629307967232 -0.0184952326068888 -0.100844472370968 0.153375684725852 -0.0621147109652277 -0.0541261119150618 -0.0613785416190162 -0.215838864703824 -0.103225086909767 -0.30194001247686 -0.103659969844035 0.126076260699795 0.0117450136734534 0.0721304588465261 0.0707758788300126 -0.183145619020354 0.215024598069916 0.157958248847286 -0.0523692985156676 0.104485963860925 -0.0333905664129573 0.0288781400155345 -0.146189852263135 0.280544174446644 -0.19587736089027 0.139747120480578 -0.0292639918385264 -0.238948380253765
-0.0668884627834561 -0.0326472105359394 -0.0102474352345162 -0.016835825237783 -0.0156809316049196 0.00212418895550784 0.00341652667562636 -0.0187856980307 0.0199173550249566 -0.0175737415956159 -0.040004978875135 0.0239040611800117 0.00750307943883611 -0.04721444196775 -0.0203201884510705 0.0723965579608979 0.0556476635157746 -0.0384189238631569 -0.0541114763345403 0.0543582974564828 -0.0180884786847887 -0.0335966197352117 0.0132020922976976 0.0328713949724284 0.0192029577669568 -0.0501217148731161 -0.0106572089797828 0.0351732424363507
0.0557610181356907 0.0355263566308198 -0.123644831905047 -0.0727367453635629 -0.0259642584261921 0.0708616857937145 0.145184019670787 -0.0124545608248713 0.0398224219828105 0.0622443310743842 -0.0364362931858993 -0.0960496249637658 0.0944443345553112 0.00418384956876526 -0.104355607997163 0.0136975169592277 -0.00164347515416973 -0.0122165945144429 -0.0521392706014917 -0.0943794511261048 -0.0898295549981733 0.0174716782864513 -0.0636141759249991 0.000999708895705194 0.0213862284877788 0.0424516513180004 -0.0197489791387053 0.0518553116431441
0.0249196289378044 -0.0652788122704091 -0.089809707986056 0.257463612365757 -0.00641494060708035 0.269463790978243 -0.0501747550673088 -0.0468439196849204 0.0749624313043395 -0.00786770589928389 -0.00573880337364274 -0.0752210896441022 0.213345211258584 -0.137280132301615 -0.0147124682853031 0.019707121314876 -0.0210440669793108 0.0675787385949171 0.138124767958996 0.0420362095568542 0.200550544259272 -0.0201463068855723 0.0858012514877907 0.106249265061808 0.00219372426380384 -0.00678321522048677 0.134217048047571 0.130110211970721
0.0556337087990465 -0.098326880256999 0.106656115881008 -0.235196257307279 -0.00792547303209191 0.103048903716787 -0.105847593096958 0.198759666557893 -0.0595550804013204 -0.00128761873444916 -0.316772044008899 -0.0753673661260895 -0.177772315217577 -0.0922957678508299 -0.0942142194399355 -0.0548802931068568 0.00129105472464706 0.000946827314025973 0.0578747886962154 0.0063685590125909 0.376876320904326 -0.0382105595467544 -0.210242123365474 -0.0864952863170703 0.199088665052902 0.0163939866176476 -0.0201751498062354 0.0413785103722002
-0.0945187023882016 -0.0951568929699133 0.0888187980994537 0.0156699344720987 0.00588288270232574 0.0351222446993017 0.0174263455870528 -0.0385429822991832 -0.180364793062301 -0.117189318712095 0.057790715274106 -0.0482036677510993 -0.0141153701908989 0.09403098082974 -0.050870041984163 0.0976115240474824 0.0602661292150529 0.058557516983971 -0.0241728517584578 -0.146592338177467 0.013197607653084 0.0861868518416986 0.006017785442052 -0.0111351677513786 0.0158439281940659 -0.0024469348095726 0.0375652077809698 0.126554419588797
-0.00935320853779208 0.00105760724541061 -0.0475885040541957 0.12657823544185 0.0494548679118546 -0.0141831826475441 -0.125681983426384 0.0065753201239647 0.0198150481722515 -0.0131507104224683 -0.0455739147465533 0.0439693655213152 -0.0286085454782748 0.00259089089179184 -0.133004576442509 0.0268962458385187 0.0151829748518877 -0.0288004412059805 -0.00497177769505756 0.0376332627035716 -0.0332341598231674 0.031226827133751 -0.0574106879800704 -0.0533518877161383 -0.058689675415976 0.0171902933786875 -0.0495309031113204 0.15400784895195
-0.167895215176739 -0.106600276822723 0.237414840970385 -0.0652505840205813 -0.16801532182408 -0.0412565184852926 0.263738224678002 -0.0746959862636845 0.218039838039401 0.0128444665056235 0.142413402405712 -0.0110589096219664 -0.00580751056626372 -0.127727687694595 0.104204183253713 -0.255862349570036 0.0199789655305311 0.0946033757740673 0.0250583905191252 -0.0560419762758806 0.0993726795843977 -0.0899764481945406 -0.0619788750823873 0.00722337697790343 -0.105231690185887 0.0849915609290758 -0.11228769692158 0.167438716334394
-0.168827961152542 -0.106688007065043 0.237471313511638 -0.0662599760560171 -0.168191308740389 -0.0411853780709931 0.265242160102737 -0.0746128102413638 0.21825897711765 0.0122807673114232 0.142589346290033 -0.0112974316443085 -0.00670843478916762 -0.127946445352739 0.105185156419939 -0.255753254768899 0.020257910541134 0.0946299101019634 0.0249773070262762 -0.0557213484438934 0.0996639997033497 -0.090672274234599 -0.0611034226610745 0.00770548655365238 -0.104715744914483 0.084338901202823 -0.111373224597045 0.166003534954382
-0.00192742214493267 0.0459201501259116 0.0413019338623216 0.00598716663628158 -0.0905389353758166 0.10348467016805 0.0297347752944929 -0.052010812623304 0.0264061313344158 0.0427142209764842 -0.0200271457517059 0.0308333151367472 -0.073240154427653 0.033857858440006 -0.026872200133655 0.0242753120141267 0.00965679535627098 -0.0378487294510338 0.00932552201642739 -0.0103966501321142 -0.0159198758137769 -0.00964944905441839 -0.0286475417541222 -0.0777002741795346 -0.0710783528641007 0.0285301666837825 0.0849974465669437 -0.0567033910944206
0.00793350094561985 -0.0435672374871622 0.0461605976835859 0.000626634922882448 -0.0470564408268392 -0.0924174425913921 -0.0556252162153148 -0.0321253632397842 -0.0925196290167483 0.0514895220998107 -0.00781176992630993 -0.341425171347254 -0.00918326749221803 -0.0509042115822558 -0.0814803397508692 -0.0967853764376355 0.00831208873139512 0.019194394778089 -0.186404714294632 0.160031779913249 0.0141966815314056 -0.0315736609971536 0.0412130225880485 0.0193700084870532 -0.0233286386357755 0.0965182714510764 0.0958225897297114 -0.045364489408545
0.0348586918177185 0.0192199718724421 0.0220870196719884 -0.0457314573226014 0.0162192585944338 0.000579527563318226 0.0653135199819834 0.0215445223400229 0.025882506283678 -0.0204252863013788 0.00430862289820993 -0.00407588482466259 -0.0661926725222585 0.0472766916720079 0.0325034084700674 -0.016692125856565 0.0334715472346588 0.0634951448420088 -0.00109593278086805 -0.0119261831645473 -0.0193829144478904 -0.0430235828672975 0.0459323631433069 0.00067827361061567 0.0383324016994532 -0.0305909609650022 0.0954609514792817 -0.070810574542911
-0.0997048263751695 0.00297415685339737 -0.0520185812871326 0.056707745716765 0.0258260920887291 -0.00755288655429148 0.00291254780121757 0.014729646223007 0.00276743606423108 -0.0491121090972809 0.013207244031085 -0.00715420862897139 -0.0881251526527178 -0.026173563603052 -0.0164787357142021 -0.0144943498937566 -0.0373371202948186 -0.050395212805135 0.0395970323576873 0.0372692788410441 0.0424600310149533 0.0165508361777691 -0.00168098326297751 -0.0236461352455271 -0.0485301849457868 0.0122704328276568 -0.0143508600979021 0.00134151100597863
-0.000632237732820784 0.0460419698338196 0.0412235177050398 0.0073887795769179 -0.0902945649720268 0.103385886621337 0.0276464535332897 -0.0521263084714395 0.0261018410714765 0.0434969575718597 -0.020271456402507 0.0311645200020566 -0.0719891567924238 0.0341616190738873 -0.0282343514444689 0.0241238260902622 0.0092694602844039 -0.0378855742606262 0.00943811223792565 -0.0108418647788168 -0.0163243946075232 -0.00868324489594081 -0.0298631699734311 -0.0783697177618607 -0.0717947797266801 0.0294364313322358 0.0837276364248762 -0.0547105392353197
-0.00862140842236141 0.0577640998199842 -0.153604468440699 -0.0612586449289257 0.0161685828953644 0.0638529598539181 0.212662416699977 0.0237782573727764 0.0683634209032475 -0.00701282529630147 -0.0190078955019524 -0.107161138897721 -0.0594256025774213 0.0253957314449131 -0.0888186190439353 -0.0175431944922303 -0.00564772373388625 0.000870146170848398 -0.0135978609453707 -0.0691957532860816 -0.0668972661473895 -0.00865514345744836 -0.0197980209626936 -0.0222078300711498 0.0109319467350899 0.0244555883017064 0.060906488858477 -0.0169002617220109
-0.129109260196981 0.0512707038129791 -0.0687486416883154 0.0511901406268277 0.0441886890771254 0.0165980274796844 0.0314118111378855 0.0701423711167447 0.119706840085566 -0.079323965975848 -0.0474296547811178 0.100936451900731 -0.00801035370128201 0.0688083910303905 0.188776749119619 0.0721255883333616 0.00239468222966478 -0.0896294437823356 0.219665003689508 -0.0820077100176072 -0.0240619081314433 0.0910539571931444 -0.0605025302113208 -0.0453197379121256 -0.0267720741207376 -0.111373537450334 -0.0614860782142109 0.0580550142310971
-0.0979592589061702 0.00313833773545413 -0.0521242656143335 0.0585967508116533 0.0261554390321066 -0.0076860207581946 9.80400777865105e-05 0.0145739882383786 0.00235733293208079 -0.0480571863195636 0.012877977618999 -0.00670783170144564 -0.086439137321286 -0.0257641742713807 -0.0183145569252802 -0.0146985130215989 -0.0378591459575185 -0.0504448699044835 0.0397487743228763 0.0366692467554671 0.0419148462209136 0.0178530249098766 -0.00331932993714869 -0.0245483688801434 -0.0494957396679868 0.0134918388867868 -0.016062229733817 0.00402735044571337
0.0229391613201965 0.047434604435672 0.0486449584505775 -0.097165439683025 0.0749928547469217 0.0610722549238668 -0.0560897564848675 0.0229681511017393 -0.0351249696606303 -0.0246437216378964 0.144973022404864 -0.0428020843218153 0.0530471641089737 -0.101862596205912 -0.0158977753271508 -0.0369509301138227 -0.0613114678206154 -0.0483994309010789 -0.145509443846848 0.0725073779694614 -0.0977731645220207 -0.0154391493668749 0.579493184961606 -0.262296546966559 -0.226548985364947 0.0587212357442653 -0.0394447075353347 0.0945554789142992
0.0229979708634144 0.00463202363669032 0.00159919262771542 0.0561767969003318 -0.0340805591341035 -0.0515450218791864 0.0655951495918443 0.0495490870441173 -0.0615085421408097 0.0396709258487701 -0.0028618779045502 -0.0406200519764204 -0.0260083823977678 0.0292457760406605 -0.178146833831574 0.0175557084413158 0.0551765057832546 0.0832765576491478 0.0133334841810382 -0.0118359267090185 -0.0549509260099644 -0.00440355275073108 -0.258322998319577 0.503420283894145 -0.283083047385536 -0.00643240333614471 0.0454879089340007 -0.132384344405541
-0.0154267281333487 -0.100259152030336 -0.0335810509760231 0.0477030984289337 -0.0590662224004501 -0.0337624992841823 -0.0397878941615421 -0.128028586037489 -0.0205657285555311 0.0158530388551006 -0.081682864865234 -0.0243857052621196 -0.106085341941199 -0.0221057503878191 -0.0123740295721933 -0.0673540718188168 -0.0339275895711218 0.00432564209748281 -0.0477958698102035 0.0582253645974221 0.218900607251623 -0.0538353680217006 -0.2633866761361 -0.220021778472234 0.487262158246484 0.0721290058309992 0.040007713818551 -0.0171829226690069
