0.0234619995444343 -0.0187416914803599 -0.00792614164521235 0.0474758677376646 0.0175332426790391 -0.0252694487375507 0.105182899941993 -0.0469888028409103 -0.0687339502259063 -0.0221066849538483 0.00923722627509314 0.0320028943097065 -0.106341250232459 0.00134564035676194 0.0183955194995636 0.0630478642272452 -0.0431250162827343 0.0445370576446558 -0.00300817527243197 0.00647154028196773 -0.03497791070934 -0.0292697645061888 -0.0112262233835787 -0.0033296770400204 -0.0186276631069217 -0.0756299880598744 0.0116648072856335 0.0275616280490366
-0.0969194233974946 -0.229400883972088 0.0665134833263601 0.0285011597209425 -0.0396896706442121 0.00930373397353021 -0.0414530272412151 -0.0722395231221108 -0.0258005439657953 -0.0852879001017436 -0.00424527474478849 -0.00433522125130394 -0.013703840275367 0.0703642328188058 -0.128320034839751 0.0635903624222059 -0.0230974481041956 0.0179575541447831 0.029472072333566 0.0718570573895136 -0.00113039907183799 0.0877775851554371 -0.0118370475740233 -0.051325856631269 -0.0653560390851675 -0.0166864845216621 0.0433758025807818 -0.0841503421585489
-0.0476542974803959 0.0214612735338734 -0.00619799757707601 -0.066461481339488 -0.0393321192449406 0.0253278324095869 0.0297589321004064 0.0186175222895724 0.0793231332759596 -0.0154919480552458 -0.010233304372851 0.013650922672938 -0.0437567838708229 0.00229463895982526 0.0438818952533084 0.0262565606243617 0.0560196017835885 0.030970683958242 -0.0681953458903372 0.00322452096074097 0.0215076953769226 -0.035188291527024 0.0309823073688741 0.0197876665404193 0.0177781135263639 0.0245789196460039 0.0872716295383686 0.0120921131825875
0.0254828565925975 0.139286056798844 -0.0867576093440796 0.0527784899176464 -0.0111217388848138 -0.0299510578946333 -0.0283523875197173 0.0596538431950606 0.0586371403159029 0.00361093672691446 -0.0499226429281088 0.0544423979121814 -0.0841742784586699 -0.0379188189903351 -0.0025002599465757 -0.0100264103534183 0.0324219367784418 -0.0114493743059199 -0.0463528483382104 0.0221696662626886 -0.0635237444198044 -0.0701735781477763 -0.0254003202721265 -0.0366736942272134 0.00340680389044233 -0.00598327846332588 0.0157980501086735 0.134786807530646
0.109432265273683 -0.00358497606565893 0.0127738350691439 0.00422408266938652 -0.183406083205177 0.0888325959153026 0.0154106295993418 -0.0169814893316569 -0.101358162606855 0.0462995778945548 0.0794845705387605 0.138451822744021 0.0141683128620359 0.105259211887865 0.097917949798451 0.0676477405278823 -0.0650134509250215 -0.00530038195164188 -0.0675183537268597 0.0343039068049718 -0.00973970742942749 0.0181268565680609 -0.0430910049639557 -0.0255948773866257 0.0190163202237086 -0.0370423478202782 -0.0360358390170267 0.0205377709649053
0.00944472687178277 0.00653661978103711 5.56006785804725e-05 0.00839019333484691 0.000193569462642436 -0.00441796742487845 -0.00574018198289307 0.00150035531233153 -0.00598091713245051 0.00375330300502281 -0.00563103711829279 0.00133684424574473 0.00609021045440586 -0.00130297229885393 -0.00468742842854905 -0.000943922451637252 -0.00394835258189354 -0.0038461558185775 0.00217381674760053 -0.00238152289914109 -0.00438949954027113 -0.00128466498766105 -0.00655546719489797 -0.00443293821030418 -0.00446102015352784 -0.00385778027526408 -0.00810278353711586 0.00783713108407081
0.0908830188178904 0.0291268720041909 -0.0371643862453811 0.0175136941387498 -0.0424294137041024 0.117960483791072 0.201687500473126 -0.0578665939791989 -0.0145569168810119 0.0689761893280337 0.0804463446290581 0.0664185055262239 -0.215588722270293 0.0805269476751051 -0.00302282380534127 -0.00992150372426697 -0.0139839473504706 0.0386259954694941 -0.00678623790631732 0.0669699633353148 -0.134132431180416 -0.00433395541454783 -0.0246522854354007 -0.0458225330442451 0.0507382766504059 -0.00776374761080447 0.0415951593175789 -0.0283293955907535
-0.024040005697263 -0.00451111465984462 0.00874961321127893 0.139287302426963 0.0736889937829657 0.0882792431043714 0.00515626674277488 0.0601339742023482 -0.0256729855349907 0.0185050865486633 0.0876173278142262 0.0455907775546494 -0.0545915902373989 0.0461261113425303 -0.0549852360456398 -0.0783074267864423 0.0859224240516145 0.00827029033737507 -0.101630461960078 -0.0680029728923682 0.167165500443083 -0.0795035440728804 -0.025460869862747 -0.0305268842417194 -0.104683682582858 -0.0148114577186933 -0.0398108198290157 -0.0449294361845276
-0.200317142702252 0.0763760801423003 -0.195160556836537 0.122813071948559 -0.0554446359714454 -0.0138185157441391 0.0681420635756252 -0.00443670969363126 -0.0664657812112935 0.135704241996629 -0.166064890028493 -0.0336613613652045 0.0448143616155214 0.0194093037946609 -0.0396430414565494 -0.0224796495148294 0.0328402072142337 0.037619400052109 -0.0232111489870264 -0.0859861443672091 0.068307989219703 0.0447082116583001 0.0698500218773145 -0.0420593266002473 -0.0248750997686012 -0.0270238107267962 0.010719642208782 -0.124832183648113
-0.00629704938030139 0.0260992724608231 0.0363535344897841 -0.0792611272999315 0.0997245716298347 -0.00534664559930251 -0.00548256660302882 0.0690968926152474 0.0289828257962507 -0.0277732326159069 0.0294324152793161 0.000640827462356489 0.0350275315489638 0.266888471316271 -0.0372704302668402 -0.00978065673513483 -0.0648251421445162 -0.0702694028653174 0.00199120304973154 0.113283481816777 0.0268276421055949 -0.255124689389044 -0.0107716352939288 0.0251231678994983 -0.0297275906762439 -0.0866323045186851 -0.0313451405836398 -0.0190252816285942
0.106663924106175 -0.00679580808806551 -0.064523722203797 0.029893619146507 0.00120656302206578 -0.0879491930663009 0.0703088682729563 0.0576355188953065 0.0232125281159288 -0.0360749632362593 -0.0330270478092081 0.0394162632736754 0.0293985484043706 -0.0552152192165672 0.024391864319722 -0.0525028169718756 -0.0214689561794528 -0.130675818082142 -0.0848685274639393 -0.0369582811682512 -0.0239970870797706 0.263074591923465 0.0254963690841907 -0.0250614203566057 0.0538401636524937 -0.127666084335652 0.183933930806715 -0.053447234947772
0.0292772465253778 0.00813576706746353 -0.00871878181214113 -0.134634816051702 -0.0735816566511894 -0.0907290714253979 -0.00833928260440142 -0.0593020049770763 0.0223564784701623 -0.0164238244851812 -0.090739821233137 -0.0448494776356902 0.0579687020667435 -0.0468486287656489 0.052385987610176 0.0777840078173816 -0.0881118439921175 -0.0104030406601532 0.102835875518133 0.0666823831993263 -0.169599542900783 0.0787911783247582 0.021825766285209 0.0280687543986134 0.102209980886634 0.0126722614626458 0.0353177064401316 0.0492752413566613
0.143000841595577 -0.0850626204272231 -0.135037755035588 -0.0428882220330994 -0.0586498956406424 0.0169000056544676 0.00274784523520827 -0.108101003928724 0.0089279603837865 -0.0219120471974779 0.111848663213828 -0.0589353839606811 -0.0276850194108643 -0.102455370071709 0.0101111318662996 0.0369204945856748 0.0456850657703219 -0.134179794973834 0.0184735737696802 -0.0768312922602373 0.0941647423544399 -0.0730667803512358 -0.0898799304532888 -0.086991062564898 -0.106971781783177 0.0731479775029874 0.0711830490082915 0.0299459123003916
-0.0314708537797718 0.0813096815647435 -0.167012753534693 -0.104617040623951 -0.0216708840032932 0.0103671980642133 -0.0234127192800382 -0.0125976286422738 0.0504386526241392 -0.0129938209722032 0.0100263125329434 -0.110893776442201 0.0279450724187824 0.0235948233048929 -0.00625671120969992 0.0746999941213188 -0.167601922386557 0.100279788888753 0.0419843720129476 0.028983337260155 -0.0011247213065561 -0.0385373768433689 -0.0629977005189602 -0.101882936285403 -0.0430351790629414 -0.0282970437258572 -0.0343252674941318 -0.0695911206957872
-0.0121390795908236 0.00680501198792516 0.124502747683763 -0.131919411316863 0.0730105103516215 -0.141081688693897 0.0503015594518328 -0.0361624546842788 -0.0163741188809432 0.0730028895770009 0.00342696299996754 0.04887267792823 -0.0481442943011128 -0.0354317324002835 -0.0444641709759737 -0.0542314008614893 -0.00229863989478739 -0.0249785625015549 0.138804065308944 0.198621229740597 0.101146083142614 0.00473878506199624 0.0107441752153592 0.0225973208566359 -0.0595720303676132 0.150802090294258 0.027841654017393 0.172096873005247
0.0274686500777886 -0.0717074130455339 0.047748933715732 0.00410077291019612 0.0156931678727967 0.0586877280696457 -0.0191851276799018 -0.0190002335909514 0.0889556308546807 -0.0329409341506924 0.00251536823035538 0.0984324400876077 0.112045992646586 -0.0161312617762459 -0.0518978215450767 0.0352730312785772 -0.10452507958045 0.173053133687077 -0.11015745023102 -0.11540112863151 -0.0174070596155546 0.011515664543459 0.0206959741028714 0.0599966570594917 0.0716644620139683 0.0829130226034354 -0.0822000228043961 0.0572834142363689
-0.0247333726020468 -0.062987301812831 0.0389991395271251 0.0132093520702601 -0.064970791735036 -0.113318342891249 -0.108819391806173 -0.0513551199002788 -0.0488284945579235 0.0898980296158431 -0.0107341839548946 0.0191096885225396 -0.0318476532845638 -0.0186544972556814 0.132193451840081 -0.0418753231176064 0.124864831507975 0.0135141378306927 0.0140295572234687 -0.000550684268365489 -0.185325172510761 -0.159377785690837 -0.0336275393446271 -0.012912109150013 0.0281986230407036 -0.0331450948870457 0.00509266197605428 -0.150492381423808
-0.0388970894684767 0.05986091016208 0.0115528322139052 0.0525791243182796 -0.0768991040693557 0.183680892151899 0.0239170910657981 0.00179902966308048 -0.0735373644413313 -0.0982628433126447 -0.0615252328509858 -0.140124362995662 -0.0329669187990609 0.0553182969182237 -0.000396913031374967 0.116658891196258 0.083914996216762 -0.140624454457605 0.102494906817645 -0.00741068604876482 -0.0417831094385309 -0.00229828545763671 0.063169933564794 0.0864506878922459 0.052240478733844 -0.0309604269482656 -0.0629790619371052 0.0914465880161836
0.00709378487843471 0.136641248844678 0.163061179817534 -0.0249853734494785 -0.0138296837108905 0.0539506887351269 -0.0661027775297768 0.110950428165198 -0.028873472215583 -0.0236443811140267 0.0615754177347579 -0.0780775248754138 -0.0992370671216028 -0.075796567793954 0.0746412335888654 0.00428231841695375 0.0272045127589239 0.115752616338069 -0.00288844276272753 0.0730648381262861 0.0322505362258497 0.133694638316766 -0.0931934237592013 -0.0813435391692201 -0.0952105600149074 -0.0905183730141117 -0.0100777537099567 -0.0463074014525794
0.0406820280200305 -0.0749347016883707 0.167066979299528 0.112799758215036 0.0218596668100591 -0.0146759163882891 0.0178144825990829 0.0140608826242889 -0.0562716714685638 0.0166543109392601 -0.0155181033230956 0.112197562718587 -0.0220054628973068 -0.0248655752321753 0.00168519521138101 -0.0756205749162276 0.163751206099308 -0.104030835571315 -0.0398643101942873 -0.0313059689973093 -0.00315623309708771 0.0372844795174486 0.0566043392944121 0.0975596173789133 0.0386844726337048 0.0245346600403899 0.0264228525270606 0.0772344523600198
-0.00185654405031989 -0.133016596437059 -0.163030348418397 0.0296378598247399 0.0139370208426666 -0.0564005170561538 0.06291976166815 -0.110118458939926 0.025556965150755 0.0257256431775093 -0.0646979111536687 0.0788188247943733 0.102614178950948 0.0750740503708353 -0.0772404820243296 -0.00480573738601411 -0.029393932699427 -0.117885366660847 0.00409385632078284 -0.0743854278193282 -0.0346845786835495 -0.134407004064889 0.0895583201816633 0.0788854093261146 0.0927368583186835 0.088379176758064 0.00558464032107262 0.0506532066247133
0.0193187359928398 -0.142092549164586 -0.0308643554837285 -0.191645671983783 0.46548903199892 0.279658836981869 0.118645878980851 -0.104162675295991 -0.313182991580753 0.14790757168643 0.207438366616582 0.0322039046346125 0.108492684624771 -0.061045173923571 0.178555513045673 0.16040288911722 -0.0633456846210095 0.164439964413715 0.000211761606796675 -0.0502945584133456 0.0244991452349028 0.0667302927116329 0.113660307149747 0.14989010723682 0.196918932884653 0.0499825087580994 0.0800494395913231 -0.185389329032309
-0.078138908946135 -0.0383343936775925 0.0507979970840943 -0.0110219822908188 -0.0751339888314463 -0.0969864438129445 0.0937217593570917 0.0210754712352876 -0.0929645055528933 -0.0743145826047457 -0.0298725071875841 -0.0288166864340506 -0.00910741797574429 -0.0388999396168082 0.0511034831922789 0.0060130045266643 -0.0213190565759113 -0.0508849601762318 0.0421285387919232 -0.0330918581842017 0.0362863913468681 -0.0589765802373309 -0.0337613624135875 -0.0215930453704341 -0.0977563458846289 -0.129700315166322 0.0225492923547147 0.0302226508000462
-0.0484667890512177 -0.114705340164973 0.0332566999991271 0.0142442927167209 -0.0198449803722841 0.00465517756557736 -0.0207222122478215 -0.0361208858437923 -0.0128957902165938 -0.0426467625671739 -0.00211841778669303 -0.00216861238229917 -0.00685648380231783 0.0351830927842991 -0.06415650492199 0.0317958885340341 -0.0115457653765024 0.00898165916742218 0.0147344072295424 0.0359303132754231 -0.000561910289354533 0.0438897552341348 -0.00591361148487978 -0.0256596065185492 -0.0326746767024537 -0.00834035145507959 0.0216939730652406 -0.0420810437889663
0.0243112818408864 -0.0181539100088536 -0.00792114195886628 0.0482303249877086 0.0175506487004075 -0.0256667181950141 0.104666735207675 -0.0468538889124881 -0.0692717621823645 -0.02176918299761 0.00873087599094497 0.0321231051073751 -0.105793610476351 0.00122847536922939 0.0179740197532711 0.0629629854755058 -0.0434800573541683 0.0441912062409626 -0.00281270280355764 0.00625739060201577 -0.0353726202970765 -0.0293852832761541 -0.0118156996393954 -0.00372829269025374 -0.0190288039225254 -0.0759768847500439 0.0109361943036521 0.0282663532120867
0.0969398061726094 0.229414990727405 -0.066513363333888 -0.0284830527469415 0.039690088388725 -0.00931326844050943 0.0414406392875916 0.072242761056393 0.0257876364788403 0.0852960001486936 0.00423312233796896 0.00433810631044797 0.0137169836295137 -0.0703670447785067 0.12830991884584 -0.0635923995122478 0.0230889271184812 -0.0179658545784718 -0.0294673809943131 -0.0718621969818326 0.00112092604173238 -0.0877803576059163 0.0118229001438837 0.0513162898556635 0.0653464117055931 0.016678159001098 -0.0433932892923493 0.0841672555624621
-0.0427020378995593 0.068506570443112 0.0162526972597925 -0.0403309444975442 -0.0429610277997888 0.0679310567228824 0.0119233732897085 0.0182919342722942 -0.0633569631709519 -0.0583608032794928 0.0298140753161026 0.192217785596609 -0.0462593598953523 -0.082563082213975 -0.0949573562604929 -0.00959999483507447 -0.0911324051135776 -0.0513414093295768 0.0404689546974392 -0.0531701983978208 -0.0629698674720553 -0.0459302946497932 -0.0230001514853152 -0.0309558135446037 0.0225433719044879 -0.00640399030467501 0.00263545687107127 -0.0401149813168708
-0.0446766192388064 0.0671399785218599 0.0162410729890349 -0.0420850576038946 -0.0430014967994721 0.0688547082114861 0.0131234562969975 0.0179782593887138 -0.0621065503721853 -0.0591454953277505 0.0309913397267449 0.191938295492029 -0.0475326223283086 -0.0822906736179622 -0.0939773693503659 -0.0094026517372804 -0.0903069346224949 -0.0505373048159884 0.0400144812073081 -0.0526723003919303 -0.0620521676805707 -0.0456617135096224 -0.0216296191905398 -0.0300290321578091 0.0234760243007659 -0.00559745550003128 0.00432948205417613 -0.0417534673209588
-0.257989699970263 0.0633932714822705 0.115857481042455 0.176523851720303 -0.0322291884288493 -0.0846308832202706 -0.0822931534400922 0.00197699165686501 0.117133130804341 0.284333613907296 0.338907757649511 -0.100292741929258 -0.0117972945957453 0.0092087363275323 -0.0479338821263772 0.178855502303015 -0.190463838222552 -0.148772914681675 -0.00968845620870204 -0.114396860069415 -0.033727269888562 0.0177298821301581 -0.138642137787088 0.110915316742285 0.104553371625354 -0.025746926439163 0.172959072527565 0.105886826104776
0.0564770619392896 0.143981270360373 0.0735537278208922 0.0361666215316037 0.09462621531088 0.0328306942961874 0.0984752541675288 -0.270442989786715 -0.107967591937301 -0.331341924007612 -0.170533996518366 0.00195503221898659 0.124630969219111 0.0796920614521524 0.124426344794824 -0.178053332312204 0.0769691034406498 0.0603674413358525 -0.0632753503115877 0.0577049754036206 0.0114521858799973 -0.0313220879475579 0.0234117762119617 -0.29871573063013 0.0534953746755945 0.1431521653336 0.0162048933146068 -0.037996942613082
0.203487219370221 -0.206007949921392 -0.18939958459259 -0.210936360145558 -0.0623565578823475 0.0508765374354797 -0.0173821837347255 0.268779673013432 -0.0104159516658065 0.0477930021485743 -0.169551025541787 0.0986171998148517 -0.111560412190409 -0.0891732063756981 -0.0774724495785743 -0.000999513088605587 0.11266926429082 0.0876013688322346 0.0734182800104212 0.0561939866599041 0.0213573842170804 0.0133236246772297 0.113859829280352 0.186873632501051 -0.158981398697227 -0.118211773699081 -0.190857991025277 -0.0662513974876061
-0.0464922077119689 -0.113338748243722 0.0332683242698834 0.0159984058230697 -0.0198045113726011 0.00373152607697401 -0.0219222952551105 -0.0358072109602101 -0.0141462030153603 -0.0418620705189153 -0.0032956821973365 -0.0018891222777183 -0.0055832213693621 0.0349106841882855 -0.0651364918321173 0.0315985454362397 -0.0123712358675841 0.0081775546538343 0.015188880719674 0.035432415269533 -0.00147961008083871 0.0436211740939645 -0.00728414377965422 -0.026586387905342 -0.0336073290987327 -0.00914688625972441 0.0199999478821344 -0.0404425577848781
0.0508761206455096 -0.0192314755399272 0.00621696430387327 0.0693235777889612 0.0393981504375052 -0.0268349072022642 -0.0317170460337689 -0.0181057150592744 -0.0813633677504486 0.016772289851407 0.00831242237407917 -0.0131948929944133 0.0458343009222744 -0.00273911410377835 -0.0454808896658425 -0.0265785552423142 -0.0573664796748259 -0.0322827000791025 0.0689368869903813 -0.00403691561744901 -0.023005059090462 0.0347500614465951 -0.0332185346683365 -0.0212998482275496 -0.0192998746387571 -0.02589490114822 -0.090035683603264 -0.0094186795494648
-0.0878177519142109 -0.0263557361298271 -0.10675083123852 0.024885159485015 -0.051378341116731 -0.0245439866028279 -0.14974904421883 0.0566363455028711 -0.0173327797675889 -0.0883153667660449 0.108931984268118 0.0974603096025313 -0.000959742436070079 -0.0165612156181522 0.11333160949252 0.00875880730293824 -0.0287063505231464 -0.0374484447041484 -0.0179683964138567 0.0777203630731033 0.0723865251339074 0.0285245233434031 0.046245153424254 0.0284627788088419 0.0635956889124202 0.00767641736130241 -0.0502213439660951 0.0329824334797064
0.0603926695405164 -0.0343698714477071 0.00148795220357501 0.153399178110559 0.0217730077569341 -0.0951613339966609 0.0848575715244851 0.327686772889793 -0.0616456727228639 -0.0748281738560525 -0.00448186794011776 -0.0175036709448653 -0.0369273237370778 0.0511000462433512 0.0687279680580522 0.14749300011848 -0.0656956563686291 -0.00111299455618342 0.100558299745327 -0.0255775409270392 -0.0521656848692281 -0.0298023678916335 0.0129390621899206 -0.0740433269914597 -0.00365532600310356 0.322039703057011 0.0616364619655227 -0.115477955037067
0.0604226067414668 -0.0343491521508364 0.00148812844251885 0.153425772728623 0.0217736213191871 -0.095175337745037 0.0848393767176006 0.32769152860577 -0.061664630594329 -0.0748162769120955 -0.00449971678763453 -0.0174994335142475 -0.0369080194356746 0.0510959161775405 0.0687131101919961 0.147490008142482 -0.0657081715663975 -0.00112518581816361 0.100565190149855 -0.0255850897032577 -0.0521795983821965 -0.0298064399282746 0.0129182831519034 -0.0740573781931303 -0.0036694662168531 0.322027474948683 0.0616107783579077 -0.11545311347507
0.089082793410517 -0.0272783807242828 0.0767295576459412 0.100489211686686 -0.0427058703562211 -0.0844777270918529 0.0818780339744205 0.329014079251481 -0.0562964479930012 -0.0500195264394823 -0.0641481886057663 -0.0234860061627522 0.0561230725413646 0.0729860166895644 0.0848041467288191 0.195093082749391 -0.0485689170753759 0.0114046870801656 0.0449254270896711 -0.0789904987473724 -0.0150991046468815 -0.0503377496737865 -0.00344930104086894 -0.0679543579282391 -0.0421104136538399 0.316123780094035 0.0921390160759423 -0.102042359434661
-0.0413456357349436 -0.0637562012964008 -0.0277139642558443 -0.011308480003149 0.0329349159978189 0.103623610127465 -0.0546633381090679 0.046606678574251 -0.108735892219889 0.0240926478057918 -0.0863058585961441 0.000721162087171299 -0.0644868456031858 0.0075625815848845 0.0520800145275278 -0.0805242519444936 -0.0990905851633351 1.32542225519672e-05 -0.0322703731150221 -0.0241412801145442 -0.0833472953118142 -0.0308066684879011 -0.0462207799010983 -0.0355268779540742 -0.0672399843721391 -0.0088898264598512 0.120962086820494 0.131337185997831
-0.0524119663480323 -0.0728687845362196 0.0360258743126803 0.095207686286497 0.0712124944126628 0.0704005987413515 0.0485876547162617 -0.0199118108620385 0.0430043107215916 0.0156692089048561 -0.143153131148862 0.0175863688180936 0.00564845058167397 -0.153640851493253 0.119132715168894 0.0558391396349075 -0.140859673521133 -0.107560091529344 -0.0861842302963397 0.1196030151617 -0.00512578002091623 -0.0566694374715763 -0.057360200032497 0.021270769968873 -0.10000316876749 -0.0257175201804619 -0.043333402438574 -0.0124157580044122
0.011792608113182 0.00909255830297932 -0.0392148369639302 -0.0603369235774902 -0.0159554212190136 -0.103789448074509 -0.0728157433981377 0.0254825945140143 -0.160115135987706 -0.059409769312078 0.067802179818675 -0.0181443916309935 -0.0351278498143948 0.118223845116001 -0.0741947415205844 -0.0282958280297532 0.0543314587672242 0.131962896752937 0.070901899641922 -0.159199717401046 -0.00540439882976796 0.0138867933731095 0.0339386706287062 -0.0204068056765546 0.0214261443219425 -0.0513058912560324 0.0929375561500489 0.121497612706793
-0.112238669935886 0.0732186870987288 -0.057938220680492 -0.0130681178618779 -0.166029064156855 -0.0617572349092509 0.139454639994148 -0.0590444698329505 -0.178362802971516 0.251344813242977 -0.0776594559067623 0.152358852152336 0.00489648882265163 0.0905080233969732 0.0183840096131897 -0.00814237539206219 -0.0306196879805276 0.0110929433289891 0.0459536863077771 0.149262516205846 0.163996963959815 0.0688272319424859 0.0438990095043323 -0.0407319033252044 -0.061078432063204 0.0904997608355268 0.0104309080636443 0.0601561923029605
-0.127939519223552 -0.16226970935825 -0.0344014652591978 -0.0431593545840067 -0.0493732452889364 0.117440781121881 0.0524520810228066 0.060581845340828 0.12092876811526 -0.00351206879074177 0.0504942576303571 0.0382984666271355 0.0667776178716369 0.052573082012082 -0.13156481947062 0.0824747962145047 0.196444622415473 0.0688355483946737 -0.0901558715606412 0.169244410059027 -0.111987572462523 0.0474715068658221 -0.0578566899433399 -0.162612596719155 0.0405128564652754 0.0350041562986256 0.0941693829443088 0.0484225911607703
0.0726471279160706 -0.00213486960610304 0.0795891173251737 -0.00784914089737648 -0.0678601184511291 0.0614531698364424 -0.101166105341902 -0.0970808079221109 -0.0223415865131509 0.0304870038032237 0.00862271319228358 -0.0405510497868942 -0.084891407449358 0.0959485332965686 -0.0354117101202364 -0.154668603065237 -0.146301101696025 -0.100376463757065 0.118321321711971 -0.0427724505686006 0.0477643703719432 0.0948288471766384 0.0454384072535054 0.0732180932632806 -0.0167738268633462 0.0927581081837491 -0.0305273858041911 -0.217960642851691
0.0906345381974406 0.028305211343655 0.10676741353157 -0.0223828762723741 0.0514360710876051 0.0232263762355734 0.14803709785001 -0.0561888809736037 0.0155490367786676 0.0894347482542409 -0.110611379377209 -0.0970616104569289 0.00277608096050191 0.0161726184095023 -0.114729583651053 -0.00904032182954174 0.0275287976362277 0.0363013708818978 0.0186167134356207 -0.0784306261782801 -0.0736956452665622 -0.0289076605971228 -0.0482002496727133 -0.029784854048784 -0.0649261392841727 -0.00882695805036559 0.0478047775758578 -0.0306450950222618
0.158988319418629 -0.00399964247323082 -0.0371569423123729 0.195162427928717 -0.0339617926800112 -0.0237268731310694 -0.0985684111201502 -0.099730248982554 0.171815376709353 -0.00551538149897173 -0.105565328479411 0.00299690740669199 -0.214445468513012 0.124422112225347 -0.0382546843326261 -0.0340261732569336 -0.145427815173906 0.158624979210181 -0.115537930122917 -0.0157935039777318 -0.0647099688211538 0.0278793267426102 0.0279894660215034 0.0664290832433138 -0.00751716760268091 0.0901372063324401 -0.0420086255317788 0.126367968433937
-0.0072093227389139 -0.165914039311365 -0.0657241915569788 0.0123693907230097 0.171282935093914 0.0516424330921109 -0.0127946474207261 0.00300022539199904 -0.0946586910207109 0.0955442604223133 -0.00270767112507014 -0.238192823577178 -0.0220910227841034 0.0713699140717072 0.199037146631586 -0.14000803116384 -0.0447656674574413 0.0424691787305195 0.0138538301491595 0.0250629385378964 0.0079706338289548 0.0623317825561602 0.0264664331253483 0.053015406167402 -0.0207097546877342 0.0189217178820186 0.0527852925754227 0.0629379983466291
0.0276244710862154 0.0649882079054152 -0.0389821197615202 -0.0106410538482406 0.0650300447327797 0.111965971446465 0.107062281023099 0.0518143893982836 0.0469976930228123 -0.0887491167064751 0.0090104831959414 -0.0187004709321413 0.0337119102876547 0.0182556481106217 -0.133628307226415 0.041586381700226 -0.126073450488645 -0.0146914736507669 -0.0133641363606774 -0.000178316933806881 0.183981515289179 0.158984540544744 0.0316208639237833 0.0115551550406764 -0.0295641732338218 0.0319642007375924 -0.00757298200221534 0.152891383333019
-0.0656569175758299 -0.0456022912875477 -0.0197928222969781 -0.0595388049908577 0.0153842672974112 0.12929032832248 -0.159330073316743 0.0934605674867389 -0.0394641300375248 0.0458618308034009 -0.0950367345870888 -0.0314019430202041 0.041306764873165 0.00633410621565478 0.0341059947742563 -0.143487237419999 -0.0556105278091665 -0.0441779520184101 -0.0294576703114642 -0.0303986707165601 -0.0479746750147376 -0.0014213852117463 -0.0344050802617029 -0.0317985852638208 -0.0482111804496141 0.0670870582901922 0.110025892516842 0.103070832785744
0.0511550639472537 -0.0513772642566804 -0.0114806700743012 -0.0416897913426675 0.0771503309777836 -0.189414814654626 -0.031367068731119 0.000148228037150267 0.0657749452031119 0.103134121547714 0.0542169104164537 0.141859405508686 0.040871185945581 -0.0570093782382799 -0.00568673330676444 -0.117883974513033 -0.0890394223477769 0.135632665864292 -0.0996735875168996 0.00431979233478052 0.0360861343888871 0.000630964544463788 -0.0716780408570856 -0.092204040443948 -0.0580302778390593 0.025953551386814 0.0524627478971765 -0.0812750548295138
-0.0961479587579658 -0.0163835864403692 0.0281950242809007 0.0531153688501667 -0.100844668064996 0.0913223529769698 -0.0673904145082431 -0.126062209706874 -0.0548670020323826 0.0655247790075341 0.00107927419960274 -0.0394599285722611 -0.0617056110098887 -0.212255283820897 0.0107847132699471 0.0618618278979001 0.0845303874214925 0.199227160868185 0.0838483583373966 -0.0773890159524014 -0.00479132424159672 -0.00852375646407155 -0.0176530307755646 -0.00204192061238365 -0.0261052901203638 0.212575136183832 -0.156208266287689 0.0759733269144557
0.155133083575248 -0.0700161146237771 -0.00346120850647678 0.047218984281114 -0.140383595469185 0.0194987972910088 0.00166470013962197 -0.0347970481441063 -0.0399001910453281 0.10585208651895 0.0478825934672613 -0.0533415035348027 0.0623613659178905 0.187408589412738 0.19138700801728 0.0769480320271805 0.0248653189587035 0.0448198404819672 -0.107297103281392 0.0867179516057824 0.0518364569345674 0.0636492592543868 -0.0221722695764197 0.00395344090598784 -0.00494346318647432 -0.0318632352745629 -0.0412439979685979 0.0631411074689529
-0.117697498069121 -0.00673013677224987 0.0822870781879703 -0.132836100604083 -0.108430725565644 -0.0294616686287071 -0.00113080122993133 -0.0778829727518007 0.0948842791549514 -0.13053857466964 -0.0820084370662387 -0.00249546321584585 -0.21546259392855 0.0254689727598475 0.137746535109179 0.0604603829659597 -0.0490775216622473 0.0443775323257909 -0.0862826070812081 -0.0862627204788331 0.178054795241711 -0.0644760459194499 0.142960831023841 0.17335074274614 -0.0498164415190221 0.0243966756362814 0.215958359458614 -0.10107178211283
-0.137317727561826 0.0889958581073823 0.135071211270057 0.0479367984646335 0.0587663709336373 -0.0195584004406627 -0.00620184758235175 0.109003802966417 -0.0125268187257556 0.0241704977879863 -0.115236990531917 0.0597397945484165 0.0313496421121663 0.101671341030136 -0.0129316676685662 -0.0374884748993988 -0.048060882273327 0.131865472664117 -0.0171655371654667 0.0753982739852205 -0.0968060073457009 0.0722937672488814 0.0859353518414467 0.0843236595054191 0.104287481158761 -0.0754692945213742 -0.0760586842127158 -0.0252301264176578
-0.0722961757373141 0.0171715411579598 -0.0814157711811859 -0.00995526869041236 0.0252297275700732 0.0127505744242026 0.0302780844168895 0.0179333056533627 0.0714103382203083 -0.0386918361470707 0.0470194132716945 0.0202062626930492 -0.134196763978472 -0.0201498179269593 0.0257965677918896 -0.0217481107231732 0.0372005000498387 0.0168044439642885 -0.0116307211330513 0.0556166986399647 -0.0174403338802961 -0.015203549215042 0.0445608337802687 0.0117986295444183 0.0543210966227226 0.0288413017191713 0.0532960202138419 0.00201570752404516
-0.0208157553511181 -0.0016417033740958 -0.075195249392161 0.0599051368676731 0.0646402631170348 -0.0143670065499416 -0.00180623433221053 -7.641252442356e-05 -0.0103357051459896 -0.0216793995912178 0.0549715463206733 0.00709690468995829 -0.087972794551407 -0.0229722998012446 -0.0199842365059332 -0.0483870607339674 -0.0204186061406893 -0.0157243437990215 0.0574452526636225 0.0514274066023276 -0.0407262452886631 0.0194643158134406 0.0109228621944081 -0.00978485032725773 0.0347357935794608 0.00269956912186488 -0.0372581018849779 -0.0069015307083605
0.0295004807278641 0.00765233221081931 0.0752463759764216 -0.0521900884644581 -0.0644622698677657 0.0103045456308117 -0.00347204473405986 0.00145603673505872 0.00483606248807522 0.0251306805331499 -0.0601494632284395 -0.00586763408177753 0.0935729358790635 0.0217741755206086 0.0156739976628468 0.0475190941552932 0.0167879709375946 0.0121876817553249 -0.0554463593416051 -0.0536172923066209 0.0366899614907164 -0.0206456059418281 -0.0169508218248816 0.00570862329695649 -0.0388378428456253 -0.00624692022151391 0.0298073358901121 0.0141080208621488
0.0174550460064191 -0.0732150971174741 -0.0914740331404251 0.0962996063559644 0.107510472824577 -0.080225260219823 -0.0110364536000246 -0.0190722770825056 0.0558273591342775 0.0349204450438464 0.0277994169058986 -0.185748095769837 -0.0445708135385254 0.0602021053808069 0.0771723473683061 -0.0383442004018461 0.0725662701432233 0.0374215884607541 0.0159563959257742 0.105714957724011 0.0243030687960979 0.0659973440853761 0.0369986797289788 0.0232507901993939 0.0142854240229877 0.0109135362695881 -0.0360919294459363 0.0295364589796561
-0.0414898725887136 -0.0643787022415324 -0.00319408732975678 0.034097444027713 0.0552392320217471 -0.0329816481392574 -0.0236990198292008 0.00543249687534311 -0.116559568010745 -0.044086499912368 -0.0748319422889361 -0.00068123888051061 -0.0300407299827329 -0.0352969122650321 0.0453700108882595 0.0276303123256879 -0.086164297655691 0.0247573029123786 -0.0154826899350132 -0.0393771988173952 -0.0101256015232542 -0.0426642373592542 -0.0228173162415777 0.00127254533380786 -0.0781658551095528 -0.0766678423290682 0.0503509820180042 0.108359511410256
0.0416341094424838 0.0650012031866639 -0.021325789596331 -0.0795033680585752 -0.0775435480456753 0.169586906405981 -0.00726529845066602 0.0357416848235649 0.124383243801601 0.112265647630528 0.0633580259817277 0.00208363984819256 -0.00440538563772007 0.0781564061149488 -0.0386600072489909 -0.13578487659587 0.0732380101480468 -0.0495013516022053 -0.00130499324499572 0.0546131175202462 -0.0630960922653058 0.0545218062306073 -0.000586147417942828 -0.0380719686216899 0.0890917258469665 0.144445858198285 0.020260122784486 -0.08538183682268
-0.0284663733716478 -0.00693663479657702 -0.075240288233334 0.0531087344735405 0.0644834638745347 -0.0107882708539558 0.00284354964943576 -0.00129176216296259 -0.00549091577155819 -0.0247197297136827 0.0595329184637039 0.00601400575428932 -0.0929061160210304 -0.0219168385385536 -0.0161872262914249 -0.0476224446453801 -0.0172202778221977 -0.012608799070747 0.0556843715065181 0.0533565383025686 -0.0371705697524823 0.0205049473995493 0.0162330607988926 -0.0061939876780716 0.0383494037600255 0.00582453013914537 -0.0306945132722973 -0.0132499298854914
0.0980097506232045 0.003822880932477 0.00779633392132408 0.17915737066074 -0.108795307882184 0.124135101871762 -0.00663119942163611 0.0211422186943247 0.0837558224198524 -0.00384379448846051 0.018577054174584 0.0137453059223331 0.133393482946079 -0.111908300768921 -0.00287155777332784 -0.0651015676448029 -0.020390526975839 0.174873426955764 0.205400633447697 0.133527759530413 0.0999261361164402 -0.156545799847125 0.108739442553016 0.0464667108420776 0.0560672802441473 -0.104532847781482 0.270281161623628 -0.00310111060620825
0.018461317385251 0.0245171494178744 0.0119182291677212 -0.00496457694554675 -0.0797254979166933 -0.0359321961695012 0.0054622220989419 0.0315018972380189 -0.16517051988631 -0.00751515835744523 0.0657092282097614 -0.129462350485121 -0.0337312935824166 -0.12361152005959 -0.174441435572867 -0.0427003353944872 -0.0828660973410579 -0.0203831335469584 -0.198130336022023 0.10489614234625 -0.0261907695373903 -0.0823453458242256 0.0681066170791901 0.0291306150189703 0.0914926392477855 0.0378340498045589 0.0107585137701447 -0.0309843910605783
-0.0416234934137782 -0.06499385591827 0.0213258520924102 0.0795127987742007 0.0775437656209423 -0.169591872274199 0.00725884639148701 -0.0357399983994597 -0.124389966451057 -0.112261428856074 -0.0633643553602796 -0.00208213721322172 0.00441223113467141 -0.0781578706772929 0.0386547385021623 0.135783815611473 -0.0732424481614399 0.0494970284596592 0.00130743665085671 -0.0546157943912456 0.0630911583954592 -0.054523250215232 0.000578778964745051 0.0380669859260617 -0.0890967401071617 -0.144450194406912 -0.0202692304467608 0.0853906458872181
-0.0218590580948414 0.151086549153868 -0.158090902399922 0.0500081711720366 -0.0219311979027414 -0.01182960308459 0.0216609703440797 -0.133361920522866 -0.194185879501709 -0.400474774138444 -0.00598024092694338 0.067142574395263 0.165407632123443 0.03634367075694 0.0704319902817442 -0.1828453232934 0.0930087249862649 0.0888825796807321 -0.117348636586928 0.201900149590966 -0.0389137314830486 0.0321730547352787 -0.233237371159621 0.227960141873605 -0.0689222122618061 0.187789314961744 0.0412062306271705 -0.0749006722241459
-0.0471079373768961 -0.113764889810564 0.0332646994972818 0.0154514243167887 -0.0198171307380936 0.00401954643363534 -0.0215480758227301 -0.0359050235583163 -0.0137562893469277 -0.0421067594371894 -0.00292857824132946 -0.00197627510602861 -0.00598026019254188 0.0349956288042467 -0.0648309045160562 0.0316600825312508 -0.0121138310907951 0.00842829692151221 0.0150471631797405 0.0355876737874987 -0.00119344562973076 0.0437049252021896 -0.0068567734941869 -0.0262973915589226 -0.0333165020074199 -0.00889538615935148 0.0205281922940707 -0.0409534835280884
0.0884334815791381 0.0267818776966687 0.106754456011122 -0.0243381779787341 0.0513909604822237 0.0242559662461669 0.14937482478645 -0.056538532904765 0.0169428660991564 0.0885600556843191 -0.109299088224125 -0.0973731567742212 0.00135678125924977 0.016476271002191 -0.113637196808582 -0.00882034439794955 0.0284489457463577 0.0371977024364705 0.0181101139537902 -0.0778756215910693 -0.0726726895850154 -0.0286082744516284 -0.0466725237097213 -0.028751775155261 -0.0638865160037331 -0.0079279174616755 0.0496930995541588 -0.0324715077364962
0.148071975734615 -0.0159718851843101 0.0140085068591152 0.24775792691841 -0.0694138382151573 0.097680911232901 -0.0378535875850171 0.00290721112031234 0.00290785779434376 0.0126050559882159 0.0273747289043045 0.000435210913487095 0.178702962435415 -0.114535131759647 -0.0479485101823076 -0.0915987807500334 -0.0774167589572079 0.142922167805202 0.274150192655407 0.129696070689585 0.0772993403808911 -0.121685032912645 0.076085822629838 0.0255488692793349 0.037151832220344 -0.130095306268289 0.180943732128096 -0.0131951517702613
0.156667816011181 -0.223266129737975 -0.0777993806523232 -0.157331186518993 -0.0513321586793741 0.0228242522178216 -0.0441780313589002 0.206818591424885 -0.0644990902567475 0.0298661379575666 -0.283050142440009 0.0177208489451994 -0.205333908123704 -0.0925343984755344 -0.0786782021609833 -0.0159295012940488 0.0407542671422398 0.0455198782570883 0.0344454064627227 0.0448257767972689 0.259838393008831 -0.0598012828386695 -0.130064766693552 -0.0318422541795816 0.336883438275459 -0.103724830572384 -0.156388135419595 -0.0513364912286566
0.0109220937593188 0.0084900822946872 -0.0392199616424368 -0.0611102422587838 -0.0159732623909159 -0.103382246880609 -0.0722866745454627 0.0253443077373816 -0.159563878732337 -0.0597557088172242 0.0683211888599261 -0.0182676076986042 -0.035689180564407 0.118343939228221 -0.0737627042806349 -0.0282088273092197 0.0546953758654425 0.132317394441722 0.0707015403613266 -0.158980213979095 -0.0049998215023379 0.0140052001123224 0.0345428837909195 -0.0199982246350653 0.0218373136579368 -0.0509503221486063 0.0936843844565782 0.120775269414668
0.0366425206210374 0.0114052760493405 -0.0472324322310481 0.144119690649111 0.00861076904482631 -0.0562239375160397 -0.0861097985933023 0.00681728860359929 -0.0411632062826897 -0.0187861830208031 -0.04894567080794 0.0403174494277684 -0.0395540148399015 -0.00668201558573642 -0.116480454232898 -0.00568360052394507 -0.0401483703987498 -0.0383137942822333 0.039332439451953 0.0518566351535951 -0.091157488913223 0.00727602457958736 -0.0706059630965789 -0.0877401690625948 -0.0527007848449393 -0.0437926799355904 -0.0600507117770711 0.0905480143648486
-0.139118777621702 -0.188178114514383 0.0619716207835856 -0.0375769271741859 -0.194087936440715 -0.0290613790068346 0.335070959224272 0.107000605456051 0.0703145684248254 -0.0900909955218901 0.141678811586827 -0.112510976335452 0.0598249517153584 -0.0238608252101511 0.129312721151215 -0.316005830570656 -0.116126617542505 0.0487360514890407 0.0592108599224159 -0.121449764619488 -0.0264926974380535 -0.0192461246367222 -0.032042762013463 0.00381666824949543 0.0215774166712779 -0.0432107293222927 -0.166643174793303 0.0695806501751605
0.140357314304026 0.189035295826996 -0.06196432957433 0.0386771773304977 0.194113320221878 0.0284820277147 -0.33582369946182 -0.106803855977101 -0.0710988775279943 0.0905831858747406 -0.142417239084543 0.11268628374872 -0.0590263104043649 0.0236899596033324 -0.129927408281223 0.315882049057702 0.115608849313332 -0.0492404181194273 -0.0589257959053084 0.12113746300289 0.0259170792892731 0.0190776597638554 0.0311831091403966 -0.00439798273941924 -0.0221624136940338 0.042704838315795 0.16558061419458 -0.068552925979048
-0.00157555979654522 -0.000567756534666854 -0.0245300012909403 -0.0469336999621997 -0.0223395632171989 0.137409728918086 -0.0299190846928744 0.0409009809938529 0.00891274500268333 0.0674957062567751 -0.0104485569818087 0.0011589741024026 -0.0355550861265728 0.0430967529496693 0.00756354062551004 -0.107982684797909 -0.0122073293379921 -0.0240436995973477 -0.0171835149294785 0.0156695718047536 -0.0724224068733934 0.0120914943805311 -0.0222097742414906 -0.0359922265961592 0.0117381808890117 0.0684804816668125 0.0720865460910009 0.0215506061324002
0.0611633552848102 -0.0439894210252375 -0.00433446809207135 0.0353663675519976 -0.0367644701169045 -0.103863252892384 -0.0064611511907667 0.0132099629657248 -0.101813556715358 0.0508456449220474 0.035895152893659 -0.32168013608173 0.0125280663129357 -0.0410484378456151 -0.0794840793123736 -0.0331003405594125 0.00826630777251954 0.0309582757826183 -0.238599290719462 0.15806634074407 0.0367790979346649 -0.0364150511744323 0.0911067685645053 0.0600864285635741 0.0689492673432977 0.0442380401092338 0.00812305689907358 0.00913059025629247
-0.0500622251114106 0.019794766116787 -0.00621217293779096 -0.0686005562576707 -0.0393814696670264 0.0264541906388612 0.0312223881633808 0.0182350075740125 0.080847964625509 -0.0164488504766767 -0.00879767472972056 0.0133100950088461 -0.0453094794893355 0.00262683099072612 0.0450769524089798 0.0264972131052303 0.0570262319813692 0.0319512591505626 -0.0687495592077106 0.00383168884082762 0.0226267957355489 -0.0348607669344789 0.0326536199231785 0.0209178415627427 0.0189154480238035 0.0255624584868072 0.0893374294955318 0.0100940411640531
-0.0286901238700005 -0.00709149072342418 -0.0752416054423661 0.0529099664238732 0.064478878113155 -0.0106836069048081 0.00297953755006464 -0.00132730636168794 -0.00534922472986276 -0.0248086474165705 0.0596663206656483 0.00598233521788669 -0.0930503962784423 -0.0218859704462131 -0.0160761786707666 -0.0476000826309114 -0.0171267392932533 -0.012517681636349 0.0556328726556558 0.053412957820333 -0.0370665802223469 0.0205353817821531 0.0163883632307896 -0.00608896906322063 0.0384550876507363 0.0059159229629762 -0.0305025541104194 -0.0134355956024063
0.000144236853770179 0.000622500945131506 -0.0245198769260878 -0.0454059240308622 -0.0223043160239281 0.136605258266723 -0.0309643182798669 0.041174181698908 0.00782367579085582 0.0681791477181597 -0.0114739163072083 0.00140240096768199 -0.034446115620453 0.0428594938499166 0.00671000363926848 -0.108154564270182 -0.0129262875076442 -0.0247440486898266 -0.0167876831800089 0.015235918702851 -0.07322169378856 0.0118575688713531 -0.0234034636595206 -0.0367994232878821 0.0109258707374136 0.067778015869217 0.0706111048024902 0.0229776745875755
0.0102968622626544 0.0399112946568733 0.0253043024035667 -0.039481786306251 0.0765009882938447 0.0397385296235583 0.183202531067516 -0.0395330190943341 0.0920516923263701 0.0475472467093461 -0.058797546244205 -0.0779935737191783 -0.136606055685348 -0.00286781306925726 -0.0849420103864295 -0.029984751018642 0.0680910336576846 0.0563805376830063 0.00513514494166903 -0.0207862334478744 -0.0873986385229214 -0.0430174107121793 0.00194208915877954 -0.0142118990021585 -0.00680680742050606 0.0232989638877347 0.107999730527335 -0.0353021364316388
-0.0437083092783912 -0.0292256760922364 -0.0871395650483539 0.060933238803967 0.144274942941482 0.0236379926725604 -0.00457530240925787 -0.0322822400482303 0.157640915849636 -0.0159251998782009 -0.00809573598776055 0.135932040311893 -0.0570988798514612 0.101250543226422 0.15665642668068 -0.00524385984243374 0.0642999623707039 0.00646331267813596 0.254555686645236 -0.0523513830200595 -0.0124760291385668 0.102412395259808 -0.0541080888355265 -0.0368356383641802 -0.05466384332031 -0.0333245038396456 -0.0442149863450098 0.0204058687233639
-0.0263722909359353 -0.00548733712410745 -0.0752279604650438 0.0549690060021135 0.0645263820464741 -0.0117678214658016 0.00157083796265535 -0.000959103765368975 -0.00681700319436451 -0.0238875483276656 0.0582844063484953 0.00631041051985892 -0.0915557961107264 -0.0222057332246868 -0.0172265217283536 -0.0478317308908674 -0.0180957055507051 -0.0134615677589289 0.056166349601957 0.052828507652129 -0.0381438084722092 0.0202201118057893 0.0147795842826215 -0.00717685760864855 0.0373603075081502 0.00496918407938646 -0.0324910603737419 -0.0115122831782525
0.0532087778600369 0.0065215808230411 0.0251965751663899 -0.0498272353401601 -0.0256239133879519 0.0134480716713706 -0.0391023882325962 0.0126067675839008 -0.0405615470313508 -0.00980019176818137 0.125130942151328 -0.0166598751221049 0.0166354957543384 -0.0931057996707195 -0.00462414475866927 -0.0139606687121039 -0.0546141969933677 -0.0432103792395743 -0.123648763642905 0.0504426976184992 -0.140715471589594 -0.0438387253993639 0.616723416429173 -0.249150814262076 -0.217135442387489 -0.0125555906839635 -0.0967117535191547 0.0218374540239441
0.0100973615450069 0.0338871564901636 -0.124890174209693 -0.0104966283383013 -0.0651664527313981 -0.0204043311346106 0.0725605409630011 0.0805425363590843 -0.0692754214652513 0.0194272055534862 0.0552546673672973 -0.0321856145979449 0.0421334441635829 -0.0268721196930213 -0.167631551321661 -0.013612335379146 0.044488567291973 0.0657128407813502 -0.0359631723215502 0.0663195525962761 -0.123038606948061 0.0348868682312082 -0.303321671081304 0.497924097348474 -0.186304102941133 0.0367092321664694 0.0746944368667227 -0.0693752373475599
-0.04681940335904 -0.0172581798165825 0.111600203940267 0.0536051736265644 0.0110243992029737 -0.028052285217658 -0.0267958476241745 -0.0619610815885466 -0.0540831385909411 -0.0179268641910076 -0.113499116898222 -0.0808963508696521 -0.0937734959332944 -0.00336119209983636 -0.00120575258240915 -0.0149299882054432 -0.0719149971485804 -0.0420814905751464 -0.0389728735476986 -0.0113682098626351 0.238481008791751 -0.073124907515899 -0.243924595973903 -0.218715886680633 0.495864836972686 0.0144869431266968 0.0344698556056814 0.0149149062589495
