-1
-1
0
-1
-1
3
1
-1
-1
-1
9
-1
-1
-1
-1
-1
-1
-1
-1
-1
-1
-1
8
-1
-1
8
8
8
-1
8
-1
-1
8
8
-1
-1
-1
-1
8
-1
-1
-1
-1
-1
8
8
8
-1
-1
-1
-1
-1
11
12
13
14
15
16
8
17
18
19
20
21
8
23
24
34
8
-1
19
0
1
3
7
11
17
18
20
21
8
8
28
8
8
8
35
36
8
37
8
47
48
8
8
8
-1
8
-1
-1
23
15
24
12
13
16
-1
-1
-1
-1
-1
-1
8
8
-1
-1
8
-1
14
8
8
8
8
8
-1
8
8
-1
-1
8
8
-1
8
-1
8
8
8
-1
8
8
-1
8
8
96
-1
8
8
8
8
8
96
8
-1
1
8
8
69
-1
-1
158
98
7
8
99
8
106
107
107
8
108
109
8
111
-1
8
8
173
8
114
8
115
8
8
114
8
8
117
8
8
8
8
8
8
8
-1
8
8
8
-1
8
-1
8
-1
8
-1
-1
124
8
8
8
35
-1
8
211
69
69
8
34
8
8
127
-1
8
128
131
0
-1
-1
173
8
8
-1
37
-1
8
131
8
131
-1
202
8
-1
8
133
8
8
8
8
8
137
8
137
8
241
-1
-1
8
8
8
8
8
8
8
8
8
8
8
-1
140
-1
241
-1
-1
-1
8
8
8
