-1
-1
1
-1
-1
-1
1
-1
1
-1
0
0
-1
-1
-1
-1
-1
-1
0
17
0
1
-1
0
0
-1
-1
0
0
-1
-1
-1
-1
32
0
0
-1
-1
37
-1
-1
0
40
-1
-1
-1
-1
16
0
0
0
0
0
0
30
37
-1
-1
-1
7
-1
16
-1
-1
-1
-1
-1
-1
-1
-1
-1
-1
0
0
-1
-1
57
-1
4
3
71
71
0
0
0
0
0
0
57
57
0
0
0
-1
-1
-1
-1
9
26
31
39
0
44
58
63
0
0
-1
-1
-1
-1
-1
-1
-1
0
-1
-1
-1
-1
-1
-1
-1
-1
0
-1
-1
-1
0
0
0
-1
-1
16
-1
0
-1
-1
-1
-1
-1
-1
107
140
0
-1
0
107
144
-1
108
0
-1
-1
0
0
0
-1
109
-1
0
0
110
112
-1
0
113
113
111
0
0
0
115
-1
45
45
117
0
-1
-1
62
45
7
45
45
32
3
118
22
0
-1
189
189
189
4
3
5
-1
107
189
119
120
121
0
-1
-1
62
122
-1
207
62
0
-1
-1
-1
0
0
0
-1
-1
-1
-1
93
-1
95
-1
-1
14
124
211
0
-1
-1
75
-1
-1
15
77
-1
-1
-1
69
-1
-1
-1
125
37
189
0
0
0
16
0
-1
0
-1
152
96
-1
126
0
0
0
0
-1
0
-1
0
-1
257
0
0
0
32
45
0
45
0
45
0
-1
57
0
254
254
0
0
30
-1
287
130
0
0
0
0
0
-1
-1
-1
-1
16
71
71
16
131
57
57
62
133
-1
308
-1
16
16
-1
71
0
3
178
135
313
-1
234
0
0
-1
-1
-1
-1
-1
328
136
267
137
0
0
0
0
0
0
0
0
0
-1
-1
138
-1
-1
-1
139
0
