-1
-1
-1
-1
-1
3
3
-1
-1
-1
-1
-1
-1
-1
-1
14
-1
-1
-1
-1
-1
-1
20
-1
-1
-1
1
1
-1
-1
-1
-1
-1
1
-1
-1
-1
-1
1
-1
-1
39
1
-1
14
-1
40
40
-1
-1
1
-1
-1
-1
-1
-1
-1
-1
-1
-1
-1
-1
61
1
-1
64
43
-1
-1
68
-1
-1
-1
-1
-1
-1
-1
1
-1
71
-1
-1
-1
-1
-1
-1
-1
-1
-1
-1
1
1
1
-1
1
-1
1
1
-1
-1
-1
-1
-1
-1
103
-1
-1
-1
1
-1
-1
-1
109
-1
-1
-1
1
-1
-1
-1
-1
-1
-1
-1
-1
-1
-1
-1
-1
-1
-1
-1
-1
1
-1
-1
106
-1
18
16
-1
-1
131
131
-1
1
1
-1
-1
78
1
1
106
106
-1
-1
1
1
1
1
-1
-1
-1
-1
-1
-1
-1
166
1
1
-1
-1
30
98
-1
24
11
29
-1
49
129
-1
-1
-1
110
-1
141
30
-1
-1
-1
-1
-1
-1
58
-1
-1
-1
-1
-1
-1
-1
0
-1
-1
-1
165
-1
-1
-1
-1
-1
-1
1
-1
-1
-1
-1
1
-1
-1
-1
-1
-1
-1
43
-1
-1
-1
-1
-1
-1
-1
-1
-1
-1
-1
-1
1
188
-1
-1
-1
-1
-1
-1
1
-1
-1
-1
-1
-1
-1
-1
-1
-1
-1
-1
-1
-1
-1
1
-1
-1
-1
-1
-1
-1
-1
-1
-1
268
-1
253
-1
-1
-1
-1
40
1
-1
-1
-1
-1
-1
58
-1
-1
287
-1
284
-1
-1
-1
196
-1
-1
-1
195
-1
-1
193
1
1
1
-1
-1
-1
-1
171
-1
-1
-1
312
1
1
-1
-1
-1
-1
-1
-1
-1
88
88
-1
-1
1
-1
-1
-1
-1
-1
1
88
-1
-1
-1
-1
-1
201
-1
-1
-1
-1
0
88
88
61
16
-1
-1
45
-1
204
-1
-1
-1
-1
358
358
358
18
16
-1
-1
1
1
1
1
-1
370
-1
372
-1
-1
358
-1
-1
300
1
310
171
1
98
-1
-1
-1
-1
-1
389
389
12
-1
-1
-1
1
-1
-1
1
1
300
389
-1
-1
-1
403
404
405
-1
409
409
1
1
1
1
-1
416
1
1
1
-1
-1
-1
-1
-1
-1
-1
-1
-1
-1
-1
-1
-1
-1
-1
-1
-1
-1
-1
161
-1
-1
-1
-1
209
-1
-1
433
433
431
1
-1
-1
-1
-1
135
-1
-1
-1
-1
-1
-1
-1
-1
-1
-1
-1
-1
-1
-1
210
-1
68
358
78
-1
-1
-1
78
-1
-1
1
-1
1
1
-1
-1
-1
1
-1
-1
1
-1
-1
258
255
170
-1
-1
499
-1
212
-1
-1
310
171
1
1
-1
-1
-1
-1
1
-1
-1
-1
160
1
-1
501
-1
1
40
40
61
88
40
88
40
88
-1
-1
-1
-1
-1
106
-1
493
493
-1
511
17
1
-1
8
-1
-1
-1
-1
-1
461
-1
126
-1
-1
339
-1
488
557
-1
-1
216
1
1
1
1
-1
-1
-1
-1
-1
-1
-1
-1
-1
-1
1
86
1
131
131
115
-1
-1
-1
86
86
106
106
1
86
1
-1
-1
-1
-1
-1
-1
-1
-1
-1
-1
1
1
-1
1
-1
131
-1
-1
-1
286
-1
332
-1
-1
-1
-1
-1
-1
-1
-1
-1
-1
-1
-1
625
-1
-1
-1
-1
222
-1
519
223
1
1
1
1
1
1
1
1
1
1
1
1
-1
1
-1
-1
-1
43
-1
-1
-1
-1
1
-1
-1
-1
-1
-1
-1
-1
229
